T.currentTimePoint	profit	revenueParcel	revenuePeople	cost	totalTravelDistance	discount	nbParcelComplete	nbPeopleComplete	nbParcelServed	nbPeopleServed	nbParcelOnBoard	nbPeopleOnBoard	nbParcelWaitBoarding	nbPeopleWaitBoarding	nbParcelRejects	nbPeopleRejects	nbParcelRequestsProcessed	nbPeopleRequestsProcessed	#running taxis	maxTravelDistanceOneTaxi	maxRequestServedOneTaxi	maxDecideTimePeopleRequests	maxDecideTimeParcelRequests	maxTimeOnePeopleInsertion	maxTimeOneParcelInsertion	maxTimeCollectAvailableTaxisPeopleInsertion	maxTimeFindTaxiParcelInsertion
21630	0	0	0	0	0	0	0	0	0	0	0	0	2	2	0	0	2	2	0	0	0	0.18	6	0.07	0.19	0.04	3.08
21660	-2.27	0	0	2.27	2.83	0	0	0	1	0	1	0	5	4	0	0	5	4	6	0.75	0	0.18	6	0.07	0.19	0.04	3.08
21690	-6.2	0	0	6.2	7.75	0	0	0	2	0	2	0	5	5	0	0	5	5	7	1.66	0	0.18	6	0.07	0.19	0.04	3.08
21720	-9.78	0	0	9.78	12.23	0	0	0	3	0	3	0	8	8	0	0	8	8	8	2.38	0	0.5	9.32	0.15	0.19	0.11	3.17
21750	-13.28	3.64	0	16.92	21.15	0	1	0	5	0	4	0	12	12	0	0	12	12	17	3.05	1	0.5	9.32	0.15	0.19	0.11	3.17
21780	-23.23	3.64	0	26.87	33.59	0	1	0	5	0	4	0	16	16	0	0	16	16	20	3.57	1	0.5	9.32	0.15	0.19	0.11	3.17
21810	-36.82	3.64	0	40.46	50.57	0	1	0	6	0	5	0	19	19	0	0	19	19	26	4.16	1	0.5	9.32	0.15	0.19	0.11	3.17
21840	-49.78	3.64	0	53.42	66.78	0	1	0	11	0	10	0	23	22	0	0	23	22	31	4.76	1	0.5	9.32	0.19	0.36	0.11	3.17
21870	-63.93	3.64	0	67.57	84.46	0	1	0	13	0	12	0	25	25	0	0	25	25	35	5.32	1	0.5	9.32	0.19	0.36	0.11	3.17
21900	-70.26	11.54	0	81.8	102.25	0	3	0	18	1	15	1	29	28	0	0	29	28	37	5.71	1	0.5	9.32	0.19	0.36	0.12	3.17
21930	-80.25	18.43	0	98.67	123.34	0	5	0	19	1	14	1	34	34	0	0	34	34	44	6.14	1	0.57	12.59	0.19	0.36	0.12	3.18
21960	-90.97	27.07	0	118.04	147.55	0	7	0	23	2	16	2	37	36	0	0	37	36	45	6.49	1	0.57	12.59	0.19	0.36	0.12	3.18
21990	-97.35	39.92	0	137.27	171.58	0	9	0	26	4	17	4	39	38	0	0	39	38	47	6.61	1	0.57	12.59	0.19	0.36	0.12	3.41
22020	-105.07	44.86	8.26	158.19	197.74	0	10	1	28	5	18	4	42	41	0	0	42	41	49	7.36	1	0.87	12.59	0.68	0.36	0.12	3.41
22050	-120.85	50.22	8.26	179.33	224.17	0	11	1	29	6	18	5	45	45	0	0	45	45	52	8.16	1	2.37	12.59	1.9	0.63	0.19	3.41
22080	-133.08	58.2	8.26	199.53	249.42	0	13	1	31	7	18	6	48	47	0	0	48	47	54	8.87	2	2.37	12.59	1.9	0.98	0.19	3.41
22110	-135.66	66.12	17.37	219.15	273.93	0	15	2	33	8	18	6	50	49	0	0	50	49	57	9.49	2	2.37	12.59	1.9	0.98	1.3	3.41
22140	-126.11	76.64	36.66	239.4	299.26	0	17	4	34	10	17	6	52	51	0	0	52	51	57	9.97	2	2.37	12.59	1.9	0.98	1.3	3.41
22170	-140.48	82.66	36.66	259.8	324.76	0	18	4	36	14	18	10	55	54	0	0	55	54	58	10.46	2	2.37	12.59	1.9	0.98	1.3	3.41
22200	-162.06	82.66	36.66	281.38	351.72	0	18	4	36	16	18	12	59	59	0	0	59	59	58	11.21	2	2.37	12.59	1.9	0.98	1.3	3.41
22230	-166.21	92.88	43.34	302.42	378.03	0	20	5	37	19	17	14	61	61	0	0	61	61	62	11.72	2	2.37	12.59	1.9	0.98	1.3	3.41
22260	-145.81	109.44	67.22	322.47	403.09	0	23	8	39	20	16	12	66	65	0	0	66	65	64	12.13	2	2.37	12.59	1.9	0.98	1.3	3.41
22290	-142.34	121.81	78.23	342.38	427.98	0	25	9	42	21	17	12	68	67	0	0	68	67	65	12.54	2	2.37	12.59	1.9	0.98	1.3	3.41
22320	-118.83	127.32	116.99	363.14	453.92	0	26	12	44	22	18	10	70	69	0	0	70	69	65	12.92	2	2.37	12.59	1.9	0.98	1.3	3.41
22350	-118.3	139.62	126.67	384.58	480.73	0	28	13	45	25	17	12	72	72	0	0	72	72	66	13.03	2	2.37	12.59	1.9	0.98	1.3	4
22380	-135.68	145.06	126.67	407.41	509.27	0	29	13	46	25	17	12	76	76	0	0	76	76	67	13.41	2	2.37	12.59	1.9	0.98	1.3	4
22410	-129.98	148.86	149.19	428.03	535.03	0	30	15	47	29	17	14	79	78	0	0	79	78	68	13.73	2	2.37	12.59	1.9	0.98	1.3	4
22440	-116.36	159.44	172.37	448.17	560.21	0	31	17	48	31	17	14	80	80	0	0	80	80	68	14.25	2	2.37	12.59	1.9	0.98	1.3	4
22470	-87.14	172.22	207.15	466.51	583.14	0	33	19	49	33	16	14	81	80	0	0	81	80	68	14.72	2	2.37	12.59	1.9	0.98	1.3	4
22500	-72.54	176.38	236.89	485.8	607.26	0	34	22	51	36	17	14	85	85	0	0	85	85	68	15.37	2	2.37	12.59	1.9	0.98	1.3	4
22530	-61.35	192.78	252.95	506.85	633.56	0.23	37	23	54	37	17	14	89	89	0	0	89	89	71	16.03	3	2.37	12.59	1.9	0.98	1.3	4
22560	-44.05	192.78	290.62	527.23	659.03	0.23	37	26	57	42	20	16	92	91	0	0	92	91	71	16.6	3	2.37	12.59	1.9	0.98	1.3	4
22590	-55.05	192.78	301.91	549.51	686.89	0.23	37	27	61	43	24	16	93	92	0	0	93	92	72	17.11	3	2.37	12.59	1.9	0.98	1.3	4
22620	-51.13	207.57	312.93	571.41	714.26	0.23	39	28	63	45	24	17	94	94	0	0	94	94	73	17.61	3	2.37	12.59	1.9	0.98	1.3	4
22650	-30.26	207.57	356.26	593.86	742.33	0.23	39	32	63	47	24	15	95	95	0	0	95	95	73	18.03	3	2.37	12.59	1.9	0.98	1.3	4
22680	-21.84	211.07	381.27	613.96	767.45	0.23	40	35	66	49	26	14	96	95	0	0	96	95	73	18.43	3	2.37	12.59	1.9	0.98	1.3	4
22710	-11.45	211.07	413.3	635.6	794.5	0.23	40	37	67	51	27	14	99	98	0	0	99	98	73	19.03	3	2.37	12.59	1.9	0.98	1.3	4
22740	1.52	215.17	443.21	656.63	820.78	0.23	41	38	70	52	29	14	102	101	0	0	102	101	73	19.69	3	2.37	12.59	1.9	0.98	1.3	4
22770	2.8	226.91	454.46	678.34	847.92	0.23	43	39	70	54	27	15	104	103	0	0	104	103	73	20.48	3	2.37	12.59	1.9	0.98	1.3	4
22800	71.23	243.63	522.84	695.01	868.76	0.23	46	45	72	59	26	14	106	105	0	0	106	105	73	21.05	3	2.37	12.59	1.9	1.25	1.3	4
22830	64.25	243.63	535.58	714.74	893.42	0.23	46	46	72	59	26	13	107	106	0	0	107	106	74	21.52	3	2.37	12.59	1.9	1.25	1.87	4
22860	61.34	251.69	546.4	736.52	920.65	0.23	48	47	74	63	26	16	110	110	0	0	110	110	75	22.19	3	2.37	12.59	1.9	1.25	1.87	4
22890	54.99	256.9	552.79	754.47	943.08	0.23	49	48	77	67	28	19	112	112	0	0	112	112	76	22.53	3	2.37	12.59	1.9	1.25	1.87	4
22920	83.94	261.27	598.15	775.25	969.06	0.23	50	53	79	72	29	19	117	116	0	0	117	116	76	23.25	3	2.37	12.59	1.9	1.25	1.87	4
22950	114.61	273.88	636.94	795.99	994.99	0.23	52	57	79	75	27	18	119	118	0	0	119	118	76	23.99	4	2.37	12.59	1.9	1.25	1.87	4
22980	112.07	279.83	650.87	818.41	1023.02	0.23	53	59	81	75	28	16	120	119	0	0	120	119	76	24.68	4	2.37	12.59	1.9	1.25	1.87	4
23010	152.35	283.46	710.23	841.12	1051.4	0.23	54	62	83	78	29	16	122	121	0	0	122	121	76	25.18	4	2.37	12.59	1.9	1.25	1.87	4
23040	212.61	296.46	778.87	862.5	1078.12	0.23	56	67	85	80	29	13	124	123	0	0	124	123	76	25.73	4	2.37	12.59	1.9	1.25	1.87	4
23070	218.64	301.63	801.62	884.38	1105.47	0.23	57	69	86	82	29	13	127	126	0	0	127	126	76	26.41	4	2.37	12.59	1.9	1.25	1.87	4
23100	203.44	301.63	808.92	906.88	1133.6	0.23	57	70	89	82	32	12	129	128	0	0	129	128	76	27.02	4	2.37	12.59	1.9	1.25	1.87	4
23130	195.47	301.63	822.37	928.3	1160.38	0.23	57	71	91	86	34	15	130	130	0	0	130	130	76	27.66	4	2.37	12.59	1.9	1.25	1.87	4
23160	207.5	325.74	830.44	948.45	1185.56	0.23	58	72	92	88	34	16	132	132	0	0	132	132	76	28.22	4	2.37	12.59	1.9	1.25	1.87	4
23190	203.17	333.26	839.3	969.16	1211.45	0.23	60	73	93	92	33	19	133	133	0	0	133	133	76	28.85	4	2.37	12.59	1.9	1.25	1.87	4
23220	232.59	338.86	881.84	987.89	1234.86	0.23	61	76	98	96	37	20	136	136	0	0	136	136	76	29.36	4	2.37	12.59	1.9	1.25	1.87	4
23250	245.67	338.86	914.91	1007.88	1259.85	0.23	61	78	101	98	40	20	140	140	0	0	140	140	76	29.89	4	2.37	12.59	1.9	1.25	1.87	4
23280	233.25	347.69	914.91	1029.12	1286.41	0.23	63	78	105	98	42	20	141	141	0	0	141	141	76	30.36	4	2.37	12.59	1.9	1.25	1.87	4
23310	258.34	347.69	961.92	1051.05	1313.81	0.23	63	81	108	98	45	17	145	145	0	0	145	145	76	30.76	4	2.37	12.59	1.9	1.25	1.87	4
23340	307.83	347.69	1031.22	1070.85	1338.57	0.23	63	86	112	101	49	15	148	147	0	0	148	147	76	31.19	5	2.37	12.59	1.9	1.25	1.87	4
23370	338.24	355.87	1073.94	1091.34	1364.18	0.23	65	90	117	104	52	14	149	148	0	0	149	148	76	31.57	5	2.37	12.59	1.9	1.25	1.87	4
23400	321.57	361.01	1073.94	1113.16	1391.44	0.23	66	90	118	105	52	15	152	152	0	0	152	152	77	31.95	5	2.37	12.59	1.9	1.25	1.87	4
23430	354.49	380.97	1108.31	1134.57	1418.21	0.23	70	93	121	108	51	15	157	157	0	0	157	157	77	32.28	5	2.37	12.59	1.9	1.25	1.87	4
23460	365.5	400.25	1121.58	1156.11	1445.13	0.23	74	94	122	110	48	16	159	159	0	0	159	159	77	32.53	5	2.37	12.59	1.9	1.25	1.87	4
23490	371.17	407.26	1141.81	1177.68	1472.1	0.23	76	96	124	115	48	19	161	160	0	0	161	160	77	32.68	5	2.37	12.59	1.9	1.25	1.87	4
23520	371.63	410.6	1160.99	1199.75	1499.68	0.23	77	98	125	118	48	20	161	161	0	0	161	161	77	33.42	5	2.37	12.59	1.9	1.25	1.87	4
23550	415.68	415.41	1222.28	1221.78	1527.23	0.23	78	101	130	121	52	20	164	164	0	0	164	164	77	33.99	5	2.37	12.59	1.9	2.16	1.87	4
23580	410.36	423.44	1231.32	1244.18	1555.22	0.23	80	102	131	122	51	20	168	168	0	0	168	168	77	34.43	5	2.37	12.59	1.9	2.16	1.87	4
23610	439.23	423.44	1282.29	1266.28	1582.85	0.23	80	106	132	123	52	17	170	170	0	0	170	170	80	34.63	5	2.37	12.59	1.9	2.16	1.87	4
23640	471.15	444.78	1315.32	1288.72	1610.91	0.23	83	109	135	124	52	15	175	174	0	0	175	174	81	34.99	6	2.37	12.59	1.9	2.16	1.87	4
23670	506.04	463.3	1351.54	1308.57	1635.71	0.23	86	113	138	128	52	15	177	176	0	0	177	176	82	35.19	6	2.38	12.59	1.9	2.16	1.88	4
23700	511.88	472.52	1370.54	1330.95	1663.69	0.23	88	114	140	132	52	18	180	179	0	0	180	179	82	35.74	7	2.38	12.59	1.9	2.16	1.88	4
23730	519.2	485.88	1387.87	1354.32	1692.9	0.23	90	116	141	135	51	19	181	181	0	0	181	181	83	36.41	7	2.38	12.59	1.9	2.16	1.88	4
23760	502.46	494.47	1387.87	1379.66	1724.58	0.23	91	116	145	135	54	19	183	183	0	0	183	183	83	37.01	7	2.38	12.59	1.9	2.16	1.88	4
23790	525.01	506.19	1420.06	1401.02	1751.27	0.23	94	118	151	139	57	21	186	185	0	0	186	185	83	37.56	7	2.38	12.59	1.9	2.16	1.88	4
23820	581.63	529.47	1474.77	1422.39	1777.98	0.23	98	122	153	139	55	17	190	189	0	0	190	189	83	38.04	7	2.38	12.59	1.9	2.16	1.88	4
23850	582.55	534.39	1492.51	1444.12	1805.15	0.23	99	123	155	141	56	18	191	191	0	0	191	191	84	38.48	7	2.38	12.59	1.9	2.16	1.88	4
23880	662.58	546.25	1582.46	1465.9	1832.38	0.23	102	130	157	142	55	12	192	191	0	0	192	191	84	38.52	8	2.38	12.59	1.9	2.16	1.88	4
23910	681.91	574.21	1596.43	1488.51	1860.63	0.23	108	131	158	145	50	14	194	193	0	0	194	193	84	39.24	8	2.38	12.59	1.9	2.16	1.88	4
23940	692.01	586.09	1616.71	1510.56	1888.2	0.23	111	133	159	149	48	16	196	195	0	0	196	195	84	39.93	9	2.38	12.59	1.9	2.16	1.88	4
23970	674.43	591.12	1616.71	1533.16	1916.45	0.23	112	133	162	154	50	21	198	197	0	0	198	197	84	40.66	9	2.38	12.59	1.9	2.16	1.88	4
24000	704.43	627.64	1635.17	1558.16	1947.7	0.23	116	136	165	154	49	19	199	198	0	0	199	199	84	41.35	9	2.38	12.59	1.9	2.16	2.13	4
24030	726.11	639.54	1668.16	1581.36	1976.7	0.23	118	137	165	156	47	20	202	201	0	0	202	202	84	42.09	10	2.38	12.59	1.9	2.16	2.13	4
24060	743.77	663.58	1683.75	1603.33	2004.17	0.23	122	138	167	157	45	20	204	203	0	0	204	204	84	42.64	10	2.38	12.59	1.9	2.16	2.13	4
24090	860.08	674.22	1810.24	1624.15	2030.19	0.23	124	145	169	159	45	15	207	205	0	0	207	206	84	43.2	10	2.38	12.59	1.9	2.16	2.13	4
24120	860.91	678.68	1827.53	1645.07	2056.34	0.23	125	147	170	163	45	17	210	208	0	0	210	209	84	43.61	10	2.38	12.59	1.9	2.16	2.13	4
24150	844.01	685.69	1827.53	1668.99	2086.24	0.23	127	147	171	164	44	18	212	210	0	0	212	211	84	43.98	10	2.38	12.59	1.9	2.16	2.13	4
24180	898.62	711.03	1877.58	1689.76	2112.2	0.23	132	151	176	165	44	15	213	211	0	0	213	212	84	44.32	10	2.38	12.59	1.9	2.16	2.13	4
24210	902.16	723.81	1887.48	1708.91	2136.14	0.23	134	152	179	170	45	19	214	213	0	0	214	214	84	44.41	11	2.38	12.59	1.9	2.16	2.13	4
24240	898.12	735.48	1895.85	1732.99	2166.24	0.23	136	153	181	173	45	21	216	214	0	0	216	215	84	45.08	11	2.38	12.59	1.9	2.16	2.13	4
24270	974.82	745.48	1983.34	1753.77	2192.21	0.23	138	160	184	176	46	17	217	216	0	0	217	217	84	45.83	11	2.38	12.59	1.9	2.16	2.13	4
24300	993.32	759.49	2009.49	1775.44	2219.3	0.23	141	163	185	179	44	17	221	219	0	0	221	220	84	46.4	11	2.38	12.59	1.9	2.16	2.13	4
24330	985.53	775.37	2009.49	1799.11	2248.89	0.23	144	163	188	182	44	20	223	221	0	0	223	222	84	46.92	11	2.38	12.59	1.9	2.16	2.13	4
24360	1011.35	785.91	2047.6	1821.94	2277.42	0.23	146	167	189	182	43	16	226	225	0	0	226	226	84	47.27	11	2.38	12.59	1.9	2.16	2.13	4
24390	1067.85	789.79	2123.11	1844.82	2306.02	0.23	147	170	190	185	43	16	228	226	0	0	228	227	84	47.41	11	2.38	12.59	1.9	2.16	2.13	4
24420	1155.99	799.79	2221.82	1865.39	2331.74	0.23	149	178	194	186	45	9	230	228	0	0	230	229	84	47.82	11	2.38	12.59	1.9	2.16	2.13	4
24450	1157.64	804.45	2238.82	1885.4	2356.76	0.23	150	180	196	189	46	10	231	230	0	0	231	231	84	48.39	11	2.58	12.59	1.9	2.16	2.13	4
24480	1149.79	812.22	2245.74	1907.95	2384.93	0.23	151	181	197	194	46	14	233	231	0	0	233	232	84	48.74	11	2.58	12.59	1.9	2.16	2.13	4
24510	1141.12	826.38	2245.74	1930.77	2413.46	0.23	154	182	199	196	45	16	233	231	0	0	233	233	84	49.48	11	2.58	12.59	1.9	2.16	2.13	4
24540	1132.05	830.32	2256.18	1954.23	2442.79	0.23	155	183	200	196	45	15	234	231	0	0	234	233	84	50.18	11	2.58	12.59	1.9	2.16	2.13	4
24570	1119.03	838.98	2256.18	1975.91	2469.89	0.23	157	183	202	199	45	18	234	232	0	0	234	234	84	50.89	11	2.58	12.59	1.9	2.16	2.13	4
24600	1126.58	847.55	2275.08	1995.83	2494.79	0.23	159	185	203	201	44	18	234	232	0	0	234	234	84	51.58	11	2.58	12.59	1.9	2.16	2.13	4
24630	1160.72	859.39	2316.35	2014.8	2518.5	0.23	162	189	206	203	44	16	234	232	0	0	234	234	84	52.27	11	2.58	12.59	1.9	2.16	2.13	4
24660	1146.5	864.47	2316.35	2034.1	2542.62	0.23	163	189	206	205	43	18	234	232	0	0	234	234	84	53.03	11	2.58	12.59	1.9	2.16	2.13	4
24690	1160.6	874.05	2339.66	2052.89	2566.11	0.23	165	191	209	209	44	20	234	232	0	0	234	234	84	53.68	11	2.58	12.59	1.9	2.16	2.13	4
24720	1200.72	887.7	2384.96	2071.71	2589.64	0.23	168	194	212	211	44	19	234	232	0	0	234	234	84	54.44	11	2.58	12.59	1.9	2.16	2.13	4
24750	1226.67	891.1	2425.67	2089.87	2612.34	0.23	169	198	212	213	43	17	234	232	0	0	234	234	84	55.12	11	2.58	12.59	1.9	2.16	2.13	4
24780	1253.42	908.16	2454.63	2109.15	2636.44	0.23	172	201	214	215	42	16	234	232	0	0	234	234	84	55.69	11	2.58	12.59	1.9	2.16	2.13	4
24810	1233.44	908.16	2454.63	2129.13	2661.41	0.23	172	201	216	216	44	17	234	232	0	0	234	234	84	56.19	11	2.58	12.59	1.9	2.16	2.13	4
24840	1367.51	915.4	2599.52	2147.18	2683.97	0.23	174	205	217	220	43	17	234	232	0	0	234	234	84	56.61	11	2.58	12.59	1.9	2.16	2.13	4
24870	1387.73	931.94	2618.04	2162.03	2702.54	0.23	177	207	220	222	43	17	234	232	0	0	234	234	84	57.07	11	2.58	12.59	1.9	2.16	2.13	4
24900	1402.05	944.68	2635.5	2177.9	2722.38	0.23	180	209	222	222	42	15	234	232	0	0	234	234	84	57.48	11	2.58	12.59	1.9	2.16	2.13	4
24930	1423.63	955.05	2663.25	2194.44	2743.05	0.23	182	212	222	222	40	12	234	232	0	0	234	234	84	57.77	12	2.58	12.59	1.9	2.16	2.13	4
24960	1454.68	960.03	2703.89	2209.02	2761.27	0.23	183	216	222	223	39	9	234	232	0	0	234	234	84	58.18	12	2.58	12.59	1.9	2.16	2.13	4
24990	1489.47	982.08	2730.1	2222.49	2778.12	0.23	188	218	223	223	35	7	234	232	0	0	234	234	84	58.66	13	2.58	12.59	1.9	2.16	2.13	4
25020	1531.22	986.43	2779.37	2234.35	2792.94	0.23	189	220	225	225	36	7	234	232	0	0	234	234	84	59.06	13	2.58	12.59	1.9	2.16	2.13	4
25050	1540.73	996.2	2790.64	2245.88	2807.35	0.23	191	221	227	226	36	7	234	232	0	0	234	234	84	59.43	13	2.58	12.59	1.9	2.16	2.13	4
25080	1543.71	1011.35	2790.64	2258.06	2822.57	0.23	194	221	229	226	35	7	234	232	0	0	234	234	84	60.1	13	2.58	12.59	1.9	2.16	2.13	4
25110	1542.67	1014.89	2797.64	2269.64	2837.05	0.23	195	222	231	228	36	8	234	232	0	0	234	234	84	61.05	13	2.58	12.59	1.9	2.16	2.13	4
25140	1557.73	1033.45	2804.15	2279.64	2849.55	0.23	199	223	231	228	32	7	234	232	0	0	234	234	84	61.74	14	2.58	12.59	1.9	2.16	2.13	4
25170	1564.2	1040.41	2814.81	2290.79	2863.49	0.23	201	224	231	229	30	7	234	232	0	0	234	234	84	62.36	14	2.58	12.59	1.9	2.16	2.13	4
25200	1597.51	1062.21	2835.08	2299.56	2874.45	0.23	206	226	231	230	25	6	234	232	0	0	234	234	84	62.89	14	2.58	12.59	1.9	2.16	2.13	4
25230	1625.2	1071.28	2864.6	2310.46	2888.07	0.23	208	227	231	230	23	5	235	232	0	0	235	234	84	63.42	14	2.58	12.59	1.9	2.16	2.13	4
25260	1617.71	1075.91	2864.6	2322.57	2903.22	0.23	209	227	231	230	22	5	243	240	0	0	243	242	84	63.81	14	2.58	16.81	1.9	2.16	2.13	4
25290	1619.31	1085.58	2871.1	2337.14	2921.43	0.23	211	228	232	230	21	4	250	248	0	0	250	250	84	64.22	15	2.58	16.81	1.9	2.16	2.13	4
25320	1645.81	1090.46	2906.79	2351.22	2939.02	0.23	212	229	236	230	24	3	252	249	0	0	252	251	84	64.62	15	2.58	16.81	1.9	2.16	2.13	4
25350	1659.71	1105.64	2921.26	2366.97	2958.71	0.23	214	230	240	231	26	3	254	252	0	0	254	254	84	64.96	15	2.58	16.81	1.9	2.16	2.13	4
25380	1656.63	1117.17	2921.26	2381.57	2976.96	0.23	217	230	242	234	25	6	257	254	0	0	257	256	84	65.24	16	2.58	16.81	1.9	2.16	2.13	4
25410	1639.95	1117.17	2921.26	2398.25	2997.81	0.23	217	230	245	234	28	6	258	256	0	0	258	258	84	65.24	16	2.58	16.81	1.9	2.16	2.13	4
25440	1637.69	1126.24	2927.55	2415.88	3019.85	0.23	219	231	247	235	28	6	261	258	0	0	261	260	84	65.95	16	2.58	16.81	1.9	2.16	2.13	4
25470	1643.88	1148.85	2927.55	2432.3	3040.37	0.23	224	231	247	236	23	7	263	261	0	0	263	263	84	66.75	16	2.58	16.81	1.9	2.16	2.13	4
25500	1651.74	1172.57	2927.55	2448.15	3060.19	0.23	228	231	250	236	22	7	265	263	0	0	265	265	84	67.39	17	2.58	16.81	1.9	2.16	2.13	4
25530	1656.25	1185.51	2937.02	2466.06	3082.57	0.23	231	232	251	236	20	6	267	264	0	0	267	266	84	68.03	17	2.58	16.81	1.9	2.16	2.13	4
25560	1663.79	1203.42	2944.06	2483.47	3104.34	0.23	234	233	254	236	20	5	269	266	0	0	269	268	84	68.59	17	2.58	16.81	1.9	2.16	2.13	4
25590	1668.11	1213.55	2953.44	2498.66	3123.32	0.23	235	234	257	238	22	6	271	268	0	0	271	270	84	69.16	17	2.58	16.81	1.9	2.16	2.13	4
25620	1669.6	1232.32	2953.44	2515.93	3144.91	0.23	237	234	259	242	22	10	272	269	0	0	272	271	84	69.63	17	2.58	16.81	1.9	2.16	2.13	4
25650	1652.27	1232.32	2953.44	2533.26	3166.57	0.23	237	234	261	243	24	11	273	271	0	0	273	273	84	70.05	17	2.58	16.81	1.9	2.16	2.13	4
25680	1655.98	1237.92	2970.56	2552.27	3190.34	0.23	238	235	263	244	25	11	275	273	0	0	275	275	84	70.28	17	2.58	16.81	1.9	2.16	2.13	4
25710	1653.87	1241.96	2983.42	2569.7	3212.13	1.81	239	236	263	244	24	10	277	274	0	0	277	276	84	70.54	17	2.58	16.81	1.9	2.16	2.13	4
25740	1741.22	1263.28	3066.4	2586.64	3233.3	1.81	243	239	264	245	21	8	279	277	0	0	279	279	84	71.25	17	2.58	16.81	1.9	2.16	2.13	4
25770	1752.45	1279.57	3075.81	2601.12	3251.4	1.81	246	240	266	247	20	9	281	278	0	0	281	280	84	71.74	18	2.58	16.81	1.9	2.16	2.13	4
25800	1740.25	1284.08	3075.81	2617.83	3272.28	1.81	247	240	267	251	20	13	284	281	0	0	284	283	84	72.02	18	2.58	16.81	1.9	2.16	2.13	4
25830	1764.71	1299.68	3100.67	2633.83	3292.28	1.81	250	242	269	251	19	11	287	285	0	0	287	287	84	72.5	18	2.58	16.81	1.9	2.16	2.13	4
25860	1773.19	1313.88	3112.45	2651.33	3314.16	1.81	253	243	270	252	17	11	289	286	0	0	289	288	84	73.05	18	2.58	16.81	1.9	2.16	2.13	4
25890	1765.59	1317.49	3119.3	2669.38	3336.73	1.81	254	244	270	253	16	11	292	290	0	0	292	292	84	73.71	18	2.58	16.81	1.9	2.16	2.13	4
25920	1759.62	1317.49	3130.23	2686.29	3357.86	1.81	254	245	273	257	19	14	295	293	0	0	295	295	84	74.19	18	2.58	16.81	1.9	2.16	2.13	4
25950	1800.28	1321.85	3183.2	2702.96	3378.71	1.81	255	247	273	259	18	14	297	295	0	0	297	297	84	74.54	18	2.58	16.81	1.9	2.16	2.13	4
25980	1825.81	1330.12	3216.4	2718.9	3398.62	1.81	257	249	276	259	19	12	298	296	0	0	298	298	84	74.54	18	2.58	16.81	1.9	2.16	2.13	4
26010	1859.08	1344.74	3255.22	2735.45	3419.31	5.43	259	252	276	262	17	12	301	298	0	0	301	300	84	75.41	18	2.58	16.81	1.9	2.16	2.13	4
26040	1855.41	1359.2	3255.22	2753.58	3441.97	5.43	261	252	277	262	16	12	303	300	0	0	303	302	84	76.22	18	2.58	16.81	1.9	2.16	2.13	4
26070	1885.09	1385.78	3275.25	2770.5	3463.13	5.43	263	254	279	264	16	12	304	301	0	0	304	303	84	76.85	18	2.58	16.81	1.9	2.16	2.13	4
26100	1898.11	1390.39	3300.01	2786.86	3483.58	5.43	264	256	280	264	16	10	306	303	0	0	306	305	84	77.37	18	2.58	16.81	1.9	2.16	2.13	4
26130	1883.69	1393.74	3300.01	2804.63	3505.79	5.43	265	256	283	265	18	11	308	306	0	0	308	308	84	77.89	18	2.58	16.81	1.9	2.16	2.13	4.15
26160	1887.49	1410.35	3306.43	2823.85	3529.81	5.43	267	257	283	266	16	11	311	309	0	0	311	311	84	78.29	18	2.58	16.81	1.9	2.16	2.13	4.15
26190	1915.63	1416.51	3344.49	2839.94	3549.92	5.43	268	260	285	271	17	13	314	311	0	0	314	313	84	78.68	18	2.58	16.81	1.9	2.16	2.13	4.15
26220	1938.63	1420.84	3379.14	2855.92	3569.9	5.43	269	263	286	274	17	13	316	314	0	0	316	316	84	78.76	18	2.58	16.81	1.9	2.16	2.13	4.15
26250	1931.78	1420.84	3390.08	2873.72	3592.15	5.43	269	264	287	277	18	15	320	317	0	0	320	319	84	79.46	18	2.58	16.81	1.9	2.16	2.13	4.15
26280	1912.34	1420.84	3390.08	2893.15	3616.44	5.43	269	264	288	278	19	16	322	320	0	0	322	322	84	80.07	18	2.58	16.81	1.9	2.16	2.13	4.15
26310	1926.2	1420.84	3421.13	2910.35	3637.94	5.43	269	268	289	280	20	14	325	323	0	0	325	325	84	80.59	19	2.58	16.81	1.9	2.16	2.13	4.15
26340	1974.56	1444.25	3463.18	2927.43	3659.29	5.43	270	271	290	281	20	12	327	324	0	0	327	326	84	81.07	19	2.58	16.81	1.9	2.16	2.13	4.15
26370	1967.89	1444.25	3473.19	2944.12	3680.14	5.43	270	272	292	284	22	14	330	328	0	0	330	330	84	81.19	19	2.58	16.81	1.9	2.16	2.13	4.2
26400	1957.36	1444.25	3480.17	2961.63	3702.03	5.43	270	273	293	287	23	16	331	329	0	0	331	331	84	81.73	19	2.58	16.81	1.9	2.16	2.13	4.2
26430	1953.25	1444.25	3492.27	2977.83	3722.29	5.43	270	274	295	290	25	18	332	330	0	0	332	332	84	82.46	19	2.58	16.81	1.9	2.16	2.13	4.2
26460	1948.6	1455.58	3492.27	2993.81	3742.26	5.43	272	274	298	292	26	20	333	330	0	0	333	332	84	83.25	19	2.58	16.81	1.9	2.16	2.13	4.2
26490	1962.56	1455.58	3522.35	3009.93	3762.42	5.43	272	277	298	292	26	17	337	334	0	0	337	336	84	83.8	19	2.58	16.81	1.9	2.16	2.13	4.2
26520	1979.95	1455.58	3555.92	3026.12	3782.65	5.43	272	281	299	293	27	14	338	335	0	0	338	337	84	84.39	19	2.58	16.81	1.9	2.16	2.13	4.2
26550	2006.78	1464.28	3589.09	3041.16	3801.45	5.43	274	283	300	295	26	14	338	336	0	0	338	338	84	84.88	19	2.58	16.81	1.9	2.16	2.13	4.2
26580	2064.87	1482.92	3643.04	3055.66	3819.57	5.43	277	285	302	298	25	15	339	337	0	0	339	339	84	85.32	19	2.58	16.81	1.9	2.16	2.13	4.2
26610	2071.64	1490.06	3657.68	3070.67	3838.33	5.43	278	286	302	304	24	20	340	337	0	0	340	339	84	85.57	19	2.58	16.81	1.9	2.16	2.13	4.2
26640	2130.73	1493.99	3729.52	3086.9	3858.62	5.88	279	289	304	304	25	17	341	338	0	0	341	340	84	85.57	19	2.58	16.81	1.9	2.16	2.13	4.2
26670	2152.97	1503.47	3758.2	3102.82	3878.53	5.88	281	292	305	306	24	16	343	341	0	0	343	343	84	86.36	19	2.58	16.81	1.9	2.16	2.13	4.2
26700	2178.3	1508.91	3794.14	3117.55	3896.94	7.2	282	294	306	308	24	16	345	342	0	0	345	344	84	87.04	19	2.58	16.81	1.9	2.16	2.13	4.2
26730	2175.72	1512.81	3803.96	3133.84	3917.3	7.2	283	295	308	308	25	15	346	344	0	0	346	346	84	87.55	19	2.58	16.81	1.9	2.16	2.13	4.2
26760	2268.19	1518.37	3906.64	3149.61	3937.02	7.2	284	301	308	309	24	10	348	346	0	0	348	348	84	87.98	20	2.58	16.81	1.9	2.16	2.13	4.2
26790	2292.5	1527.73	3934.7	3162.72	3953.4	7.2	286	304	313	311	27	9	350	347	0	0	350	349	84	88.11	20	2.58	16.81	1.9	2.16	2.13	4.2
26820	2309.3	1532.76	3961.05	3177.31	3971.64	7.2	287	306	315	312	28	8	351	348	0	0	351	350	84	88.57	20	2.58	16.81	1.9	2.16	2.13	4.2
26850	2292.59	1532.76	3961.05	3194.02	3992.53	7.2	287	306	318	316	31	12	352	349	0	0	352	351	84	89.32	20	2.58	16.81	1.9	2.16	2.13	4.2
26880	2278.93	1537.44	3961.05	3212.36	4015.45	7.2	288	306	320	319	32	15	355	353	0	0	355	355	84	89.97	20	2.58	16.81	1.9	2.16	2.13	4.2
26910	2268.06	1537.44	3969.7	3229.78	4037.22	9.3	288	307	321	322	33	17	359	357	0	0	359	359	84	90.6	20	2.58	16.81	1.9	2.16	2.13	4.2
26940	2259.76	1541.35	3976.17	3248.46	4060.58	9.3	289	308	322	323	33	17	361	359	0	0	361	361	84	91.18	20	2.58	16.81	1.9	2.16	2.13	4.2
26970	2267.14	1550.65	3990.75	3264.97	4081.21	9.3	291	310	325	328	34	20	362	359	0	0	362	361	84	91.73	20	2.58	16.81	1.9	2.16	2.13	4.2
27000	2302.73	1563.87	4028.37	3280.21	4100.26	9.3	293	312	327	329	34	19	364	361	0	0	364	363	84	92.18	20	2.58	16.81	1.9	2.16	2.13	4.2
27030	2312.73	1563.87	4057.58	3299.42	4124.28	9.3	293	314	328	331	35	19	365	363	0	0	365	365	84	92.54	20	2.58	16.81	1.9	2.16	2.13	4.2
27060	2293.65	1563.87	4057.58	3318.51	4148.13	9.3	293	314	329	332	36	20	366	364	0	0	366	366	84	92.58	20	2.58	16.81	1.9	2.16	2.13	4.2
27090	2352.59	1574.81	4121.58	3334.49	4168.11	9.3	295	319	331	333	36	16	368	365	0	0	368	367	84	93.45	21	2.58	16.81	1.9	2.16	2.13	4.2
27120	2375.67	1578.76	4159.48	3350.08	4187.6	12.48	296	322	336	337	40	17	370	367	0	0	370	369	84	94.13	21	2.58	16.81	1.9	2.16	2.13	4.2
27150	2383.21	1592.83	4170.2	3367.33	4209.17	12.48	299	323	337	338	38	17	372	369	0	0	372	371	84	94.78	21	2.58	16.81	1.9	2.16	2.13	4.2
27180	2380.06	1596.09	4183.3	3386.85	4233.56	12.48	300	324	338	339	38	17	373	371	0	0	373	373	84	95.45	21	2.58	16.81	1.9	2.16	2.13	4.2
27210	2400.96	1608.29	4210.06	3404.9	4256.12	12.48	303	326	341	341	38	17	374	371	0	0	374	373	84	96.17	21	2.58	16.81	1.9	2.16	2.13	4.2
27240	2396.18	1612.24	4218.6	3422.17	4277.72	12.48	304	327	343	341	39	16	375	373	0	0	375	375	84	96.66	21	2.58	16.81	1.9	2.16	2.13	4.2
27270	2393.52	1618.57	4227.44	3440.01	4300.02	12.48	305	328	343	343	38	17	376	374	0	0	376	376	84	97.11	21	2.58	16.81	1.9	2.16	2.13	4.2
27300	2430.26	1622.84	4277.51	3457.61	4322.01	12.48	306	331	344	343	38	14	378	375	0	0	378	377	84	97.55	21	2.58	16.81	1.9	2.16	2.13	4.2
27330	2443.62	1626.59	4302.81	3473.29	4341.62	12.48	307	332	345	346	38	16	379	376	0	0	379	378	84	98	21	2.58	16.81	1.9	2.16	2.13	4.2
27360	2486.01	1626.59	4361.09	3489.19	4361.48	12.48	307	336	347	347	40	13	379	377	0	0	379	379	84	98.27	21	2.58	16.81	1.9	2.16	2.13	4.2
27390	2494.54	1633.18	4378.76	3502.8	4378.5	14.6	308	337	349	351	41	16	381	379	0	0	381	381	84	98.41	21	2.58	16.81	1.9	2.16	2.13	4.2
27420	2525.2	1637.59	4420.6	3518.39	4397.99	14.6	309	340	352	352	43	14	382	380	0	0	382	382	84	99.08	22	2.58	16.81	1.9	2.16	2.13	4.2
27450	2520.08	1637.59	4432.04	3534.95	4418.68	14.6	309	341	354	352	45	13	384	382	0	0	384	384	84	99.75	22	2.58	16.81	1.9	2.16	2.13	4.2
27480	2532.56	1650.33	4449.37	3552.53	4440.67	14.6	311	343	355	352	44	11	385	383	0	0	385	385	84	100.57	22	2.58	16.81	1.9	2.16	2.13	4.2
27510	2558.41	1667.39	4474.48	3568.87	4461.08	14.6	313	345	356	355	43	12	388	386	0	0	388	388	84	101.43	22	2.58	16.81	1.9	2.16	2.13	4.2
27540	2612.5	1679.03	4532.41	3584.34	4480.42	14.6	315	349	359	356	44	9	389	386	0	0	389	388	84	101.94	22	2.58	16.81	1.9	2.16	2.13	4.2
27570	2657.94	1696.26	4576.08	3599.81	4499.76	14.6	319	351	361	356	42	7	390	388	0	0	390	390	84	102.51	22	2.58	16.81	1.9	2.16	2.13	4.2
27600	2684.21	1740.48	4576.08	3617.75	4522.19	14.6	322	351	362	358	40	9	392	390	0	0	392	392	84	103.09	22	2.58	16.81	1.9	2.16	2.13	4.2
27630	2696.7	1749.3	4596.58	3634.58	4543.22	14.6	324	353	364	359	40	8	394	391	0	0	394	393	84	103.61	22	2.58	16.81	1.9	2.16	2.13	4.2
27660	2679.5	1749.3	4596.58	3651.78	4564.73	14.6	324	353	365	362	41	11	396	393	0	0	396	395	84	104.02	22	2.58	16.81	1.9	2.16	2.13	4.2
27690	2660.74	1749.3	4596.58	3670.54	4588.17	14.6	324	353	365	364	41	13	398	396	0	0	398	398	84	104.35	22	2.58	16.81	1.9	2.16	2.13	4.2
27720	2650.28	1756.33	4596.58	3688.02	4610.02	14.6	326	353	366	367	40	16	402	399	0	0	402	401	84	104.5	22	2.58	16.81	1.9	2.16	2.13	4.2
27750	2689.97	1768.42	4639.66	3703.52	4629.39	14.6	329	354	366	369	37	17	402	400	0	0	402	402	84	104.94	22	2.58	16.81	1.9	2.16	2.13	4.2
27780	2725.03	1777.71	4681.42	3719.5	4649.37	14.6	331	357	366	372	35	17	404	401	0	0	404	403	84	105.47	22	2.58	16.81	1.9	2.16	2.13	4.2
27810	2726.4	1788.06	4688.4	3735.46	4669.32	14.6	333	358	367	373	34	17	406	404	0	0	406	406	84	105.79	22	2.58	16.81	1.9	2.16	2.13	4.2
27840	2776.63	1793.4	4748.51	3750.68	4688.34	14.6	334	363	368	374	34	13	408	405	0	0	408	407	84	106.03	22	2.58	16.81	1.9	2.16	2.13	4.2
27870	2798.78	1800.01	4781.24	3767.87	4709.84	14.6	335	366	369	376	34	12	409	406	0	0	409	408	84	106.78	22	2.58	16.81	1.9	2.16	2.13	4.2
27900	2807.64	1800.01	4807.59	3785.36	4731.7	14.6	335	368	369	378	34	12	409	407	0	0	409	409	84	107.44	22	2.58	16.81	1.9	2.16	2.13	4.2
27930	2825.39	1819.03	4822.78	3801.82	4752.27	14.6	337	369	374	378	37	11	411	409	0	0	411	411	84	108.06	23	2.58	16.81	1.9	2.16	2.13	4.2
27960	2813.1	1824.97	4822.78	3820.05	4775.06	14.6	338	369	375	378	37	11	412	410	0	0	412	412	84	108.74	23	2.58	16.81	1.9	2.16	2.13	4.2
27990	2842.13	1843.09	4850.71	3837.06	4796.33	14.6	340	372	375	379	35	9	412	410	0	0	412	412	84	109.31	23	2.58	16.81	1.9	2.16	2.13	4.2
28020	2837.44	1846.34	4858.37	3852.67	4815.84	14.6	341	373	377	379	36	8	412	410	0	0	412	412	84	109.74	23	2.58	16.81	1.9	2.16	2.13	4.2
28050	2877.14	1858.61	4900.34	3867.21	4834.01	14.6	344	375	379	382	35	9	413	411	0	0	413	413	84	110.07	23	2.58	16.81	1.9	2.16	2.13	4.2
28080	2866.77	1863.02	4900.34	3881.98	4852.48	14.6	345	375	379	386	34	13	417	414	0	0	417	416	84	110.1	23	2.58	16.81	2	2.16	2.13	4.2
28110	2874.22	1867.92	4919.03	3898.13	4872.66	14.6	346	376	381	388	35	14	419	416	0	0	419	418	84	110.9	23	2.58	16.81	2	2.16	2.13	4.2
28140	2893.24	1896.25	4925.5	3913.91	4892.39	14.6	351	377	382	392	31	17	420	418	0	0	420	420	84	111.68	23	2.58	16.81	2	2.16	2.13	4.2
28170	2894.53	1896.25	4942.64	3929.77	4912.21	14.6	351	379	384	392	33	15	422	419	0	0	422	421	84	112.29	23	2.58	16.81	2	2.16	2.13	4.2
28200	2941.32	1917.4	4984.17	3945.64	4932.06	14.6	354	381	386	394	32	15	425	423	0	0	425	425	84	112.67	23	2.58	16.81	2	3.39	2.13	4.2
28230	2933.55	1917.4	4992.41	3961.67	4952.08	14.6	354	382	387	394	33	14	426	424	0	0	426	426	84	113.05	23	2.58	16.81	2	3.39	2.13	4.2
28260	2963.56	1932.36	5023.7	3977.9	4972.38	14.6	357	385	388	394	31	11	429	426	0	0	429	428	84	113.19	23	2.58	16.81	2	3.39	2.13	4.2
28290	2997.73	1932.36	5072.87	3992.89	4991.12	14.6	357	388	389	397	32	11	430	427	0	0	430	429	84	113.67	23	2.58	16.81	2	3.39	2.13	4.2
28320	3022.71	1936.94	5108.71	4008.34	5010.43	14.6	358	391	390	397	32	8	431	429	0	0	431	431	84	114.31	23	2.58	16.81	2	3.39	2.13	4.39
28350	3053.16	1967.16	5123.53	4022.93	5028.66	14.6	360	392	393	397	33	7	432	430	0	0	432	432	84	114.92	23	2.58	16.81	2	3.39	2.13	4.39
28380	3053.08	1976.11	5129.87	4038.3	5047.87	14.6	362	393	395	403	33	12	435	432	0	0	435	434	84	115.17	23	2.58	16.81	2	3.39	2.13	4.39
28410	3043.36	1981.66	5129.87	4053.57	5066.96	14.6	363	393	397	405	34	14	437	434	0	0	437	436	84	115.54	23	2.58	16.81	2	3.39	2.13	4.39
28440	3049.94	1986.47	5146.7	4068.63	5085.79	14.6	364	394	399	407	35	15	438	436	0	0	438	438	84	116.03	23	2.58	16.81	2	3.39	2.13	4.39
28470	3068.62	1996.2	5170.98	4083.96	5104.95	14.6	366	397	401	409	35	14	439	436	0	0	439	438	84	116.52	23	2.58	16.81	2	3.39	2.13	4.39
28500	3111.68	2004.54	5219.6	4097.86	5122.33	14.6	368	400	403	410	35	12	439	437	0	0	439	439	84	117.02	23	2.58	16.81	2	3.39	2.13	4.39
28530	3111.59	2004.54	5234.53	4112.88	5141.1	14.6	368	402	405	412	37	12	441	439	0	0	441	441	84	117.56	23	2.58	16.81	2	3.39	2.13	4.39
28560	3123.66	2012.2	5255.38	4129.32	5161.64	14.6	369	403	406	414	37	13	443	440	0	0	443	442	84	118.08	23	2.58	16.81	2	3.39	2.13	4.39
28590	3150.18	2025.11	5283.73	4144.05	5180.07	14.6	371	406	407	415	36	11	446	443	0	0	446	445	84	118.65	23	3.24	16.81	2	3.39	2.13	4.39
28620	3138.78	2029.17	5283.73	4159.52	5199.4	14.6	372	406	411	417	39	13	447	445	0	0	447	447	84	119.23	23	3.24	16.81	2	3.39	2.13	4.39
28650	3129.68	2037.16	5283.73	4176.61	5220.77	14.6	374	406	412	417	38	13	449	447	0	0	449	449	84	119.9	23	3.24	16.81	2	3.39	2.13	4.39
28680	3145.94	2042.76	5310.08	4192.3	5240.37	14.6	375	409	413	419	38	12	450	448	0	0	450	450	84	120.6	23	3.24	16.81	2	3.39	2.13	4.39
28710	3176.18	2060.76	5335.96	4205.94	5257.43	14.6	378	411	416	419	38	10	452	450	0	0	452	452	84	121.28	24	3.24	16.81	2	3.39	2.13	4.39
28740	3183.06	2064.54	5353.24	4220.12	5275.15	14.6	379	412	416	421	37	11	454	451	0	0	454	453	84	121.82	24	3.24	16.81	2	3.39	2.13	4.39
28770	3219.69	2064.54	5404.13	4234.38	5292.98	14.6	379	416	417	424	38	10	455	453	0	0	455	455	84	122.27	24	3.24	16.81	2	3.39	2.13	4.39
28800	3223.1	2081.1	5404.13	4247.52	5309.4	14.6	383	416	419	425	36	11	457	455	0	0	457	457	84	122.7	24	3.24	16.81	2	3.39	2.13	4.39
28830	3235.1	2093.49	5418.46	4262.24	5327.81	14.6	385	418	423	428	38	12	458	456	0	0	458	458	84	123.17	24	3.24	16.81	2	3.39	2.13	4.39
28860	3219.38	2093.49	5418.46	4277.96	5347.46	14.6	385	418	425	428	40	12	459	456	0	0	459	458	84	123.56	24	3.24	16.81	2	3.39	2.13	4.39
28890	3271.02	2102.67	5477.4	4294.45	5368.06	14.6	387	422	426	432	39	12	460	458	0	0	460	460	84	124.04	24	3.24	16.81	2	3.39	2.13	4.39
28920	3270.57	2102.67	5490.88	4308.37	5385.46	14.6	387	424	429	433	42	11	462	459	0	0	462	461	84	124.45	24	3.24	16.81	2	3.39	2.13	4.39
28950	3256.84	2106.06	5490.88	4325.5	5406.87	14.6	388	424	429	434	41	12	463	460	0	0	463	462	84	124.84	24	3.24	16.81	2	3.39	2.13	4.39
28980	3246.21	2106.06	5497.41	4342.66	5428.33	14.6	388	425	432	436	44	13	465	462	0	0	465	464	84	125.29	24	3.24	16.81	2	3.39	2.13	4.39
29010	3281.98	2125.49	5526.56	4355.46	5444.33	14.6	391	426	436	439	45	15	465	462	0	0	465	464	84	125.65	24	3.24	16.81	2	3.39	2.13	4.39
29040	3292.65	2130.77	5548.19	4371.71	5464.64	14.6	392	428	437	439	45	13	466	464	0	0	466	466	84	126.05	24	3.24	16.81	2	3.39	2.13	4.39
29070	3279.06	2134.66	5548.19	4389.19	5486.49	14.6	393	428	437	440	44	14	467	464	0	0	467	466	84	126.35	24	3.24	16.81	2	3.39	2.13	4.39
29100	3275.12	2138.48	5556.05	4404.8	5506.01	14.6	394	429	437	441	43	14	469	466	0	0	469	468	84	126.7	24	3.24	16.81	2	3.39	2.13	4.39
29130	3308.89	2143.42	5599.11	4419.04	5523.8	14.6	395	432	437	443	42	13	471	468	0	0	471	470	84	127.08	24	3.24	16.81	2	3.39	2.13	4.39
29160	3330.86	2147.44	5632.66	4434.63	5543.28	14.6	396	434	438	443	42	11	472	470	0	0	472	472	84	127.72	24	3.24	16.81	2	3.39	2.13	4.39
29190	3346.91	2147.44	5662.53	4448.46	5560.57	14.6	396	437	440	445	44	10	474	471	0	0	474	473	84	128.29	24	3.24	16.81	2	3.39	2.13	4.39
29220	3333.65	2147.44	5662.53	4461.71	5577.14	14.6	396	437	445	446	49	11	475	472	0	0	475	474	84	128.68	24	3.24	16.81	2	3.39	2.13	4.39
29250	3403.49	2153.46	5745.58	4477.38	5596.73	18.17	397	439	446	447	49	10	476	473	0	0	476	475	84	129	24	3.24	16.81	2	3.39	2.13	4.39
29280	3445.12	2171.98	5783.43	4492.12	5615.15	18.17	401	440	447	449	46	11	477	475	0	0	477	477	84	129.12	24	3.24	16.81	2	3.39	2.13	4.39
29310	3434.74	2176.89	5783.43	4507.42	5634.27	18.17	402	440	449	449	47	11	478	476	0	0	478	478	84	129.71	24	3.24	16.81	2	3.39	2.13	4.39
29340	3433.51	2190.59	5783.43	4522.34	5652.93	18.17	404	440	449	451	45	13	479	477	0	0	479	479	84	130.35	24	3.24	16.81	2	3.39	2.13	4.39
29370	3447.61	2208.17	5794.47	4536.86	5671.08	18.17	407	441	450	452	43	13	481	479	0	0	481	481	84	130.92	24	3.24	16.81	2	3.39	2.13	4.39
29400	3477.41	2228.78	5816.86	4550.06	5687.58	18.17	410	443	451	452	41	11	482	480	0	0	482	482	84	131.43	24	3.24	16.81	2	3.39	2.13	4.39
29430	3552.84	2245.53	5889.31	4563.83	5704.79	18.17	412	447	451	452	39	7	486	484	0	0	486	486	84	131.69	24	3.24	16.81	2	3.39	2.13	4.39
29460	3560.67	2245.53	5911.12	4577.82	5722.27	18.17	412	449	451	454	39	7	487	485	0	0	487	487	84	132.1	24	3.24	16.81	2	3.39	2.13	4.39
29490	3569.03	2260.81	5918.5	4592.12	5740.15	18.17	414	450	453	456	39	8	489	486	0	0	489	488	84	132.95	24	3.24	16.81	2	3.39	2.13	4.39
29520	3570.97	2278.05	5918.5	4607.41	5759.27	18.17	417	450	455	456	38	8	493	490	0	0	493	492	84	133.53	24	3.24	16.81	2	3.39	2.13	4.39
29550	3555.95	2278.05	5918.5	4622.43	5778.04	18.17	417	450	457	458	40	10	494	492	0	0	494	494	84	134.07	24	3.24	16.81	2	3.39	2.13	4.39
29580	3575.31	2292	5937.62	4636.14	5795.17	18.17	419	451	459	459	40	10	495	493	0	0	495	495	84	134.53	24	3.24	16.81	2	3.39	2.13	4.39
29610	3560.81	2292	5937.62	4650.64	5813.31	18.17	419	451	464	461	45	12	496	494	0	0	496	496	84	134.99	24	3.24	16.81	2	3.39	2.13	4.39
29640	3579.93	2295.68	5967.46	4665.03	5831.29	18.17	420	452	467	462	47	12	497	495	0	0	497	497	84	135.35	24	3.24	16.81	2	3.39	2.13	4.39
29670	3572	2295.68	5975.47	4680.98	5851.22	18.17	420	453	467	464	47	13	498	495	0	0	498	497	84	135.78	24	3.24	16.81	2	3.39	2.13	4.39
29700	3609.36	2306.8	6017.2	4696.48	5870.6	18.17	422	456	468	466	46	12	499	496	0	0	499	498	84	136.09	24	3.24	16.81	2	3.39	2.13	4.39
29730	3629.43	2306.8	6051.47	4710.68	5888.35	18.17	422	458	470	466	48	10	502	499	0	0	502	501	84	136.43	24	3.24	16.81	2	3.39	2.13	4.39
29760	3650.21	2330.8	6063.17	4725.59	5906.99	18.17	427	459	471	468	44	11	503	500	0	0	503	502	84	136.95	25	3.24	16.81	2	3.39	2.13	4.39
29790	3660.56	2335.58	6084.87	4741.73	5927.16	18.17	428	461	472	470	44	11	504	502	0	0	504	504	84	137.46	25	3.24	16.81	2	3.39	2.13	4.39
29820	3663	2335.58	6104.62	4759.04	5948.79	18.17	428	463	472	471	44	10	507	504	0	0	507	506	84	137.96	25	3.24	16.81	2	3.39	2.13	4.39
29850	3668.34	2346.83	6114.09	4774.42	5968.02	18.17	431	464	474	471	43	9	508	505	0	0	508	507	84	138.65	25	3.24	16.81	2	3.39	2.13	4.39
29880	3677.11	2350.65	6133.82	4789.2	5986.5	18.17	432	466	475	473	43	9	509	507	0	0	509	509	84	139.13	26	3.24	16.81	2	3.39	2.13	4.39
29910	3698.52	2364.95	6155.7	4803.96	6004.95	18.17	434	468	476	475	42	9	511	508	0	0	511	510	84	139.65	26	3.24	16.81	2	3.39	2.13	4.39
29940	3689.37	2372.32	6155.7	4820.47	6025.59	18.17	435	468	477	476	42	10	514	512	0	0	514	514	84	140.15	27	3.24	16.81	2	3.39	2.13	4.39
29970	3686.55	2372.32	6168.62	4836.22	6045.28	18.17	435	469	478	478	43	11	517	515	0	0	517	517	84	140.67	27	3.24	16.81	2	3.39	2.13	4.39
30000	3698.38	2390.42	6177.01	4850.87	6063.59	18.17	438	470	479	483	41	15	517	515	0	0	517	517	84	141.15	28	3.24	16.81	2	3.39	2.13	4.39
30030	3721.64	2413.78	6191.25	4865.22	6081.53	18.17	442	471	480	485	38	16	519	516	0	0	519	518	84	141.58	28	3.24	16.81	2	3.39	2.13	4.39
30060	3704.49	2413.78	6191.25	4882.37	6102.96	18.17	442	471	481	485	39	16	520	517	0	0	520	519	84	142.05	28	3.24	16.81	2	3.39	2.13	4.39
30090	3692.52	2413.78	6198.15	4901.24	6126.54	18.17	442	472	481	487	39	17	520	518	0	0	520	520	84	142.62	28	3.24	16.81	2	3.39	2.13	4.39
30120	3691.08	2413.78	6211.84	4916.36	6145.45	18.17	442	474	483	491	41	19	522	519	0	0	522	521	84	143.21	28	3.24	16.81	2	3.39	2.13	4.39
30150	3706.65	2420.4	6237.29	4932.88	6166.1	18.17	444	476	483	491	39	17	523	520	0	0	523	522	84	143.85	29	3.24	16.81	2	3.39	2.13	4.39
30180	3725.08	2426.88	6264.63	4948.26	6185.33	18.17	445	478	484	491	39	15	525	522	0	0	525	524	84	144.33	29	3.24	16.81	2	3.39	2.13	4.39
30210	3741.35	2432.37	6289.5	4962.36	6202.95	18.17	446	480	485	493	39	15	526	523	0	0	526	525	84	144.81	29	3.24	16.81	2	3.39	2.13	4.39
30240	3793.15	2456.52	6331.36	4976.56	6220.7	18.17	449	484	485	495	36	13	527	525	0	0	527	527	84	145.19	29	3.24	16.81	2	3.39	2.13	4.39
30270	3842.8	2473.26	6378.85	4990.9	6238.63	18.41	451	487	487	497	36	12	529	526	0	0	529	528	84	145.83	29	3.24	16.81	2	3.39	2.13	4.39
30300	3847.45	2485.44	6385.98	5005.56	6256.95	18.41	454	488	488	497	34	11	529	527	0	0	529	529	84	146.47	30	3.24	16.81	2	3.39	2.13	4.39
30330	3838.81	2485.44	6392.85	5021.07	6276.34	18.41	454	489	491	498	37	11	531	528	0	0	531	530	84	147.07	30	3.24	16.81	2	3.39	2.13	4.8
30360	3971.17	2485.44	6537.64	5033.47	6291.83	18.45	454	493	494	499	40	8	533	530	0	0	533	532	84	147.56	30	3.24	16.81	2	3.39	2.13	4.8
30390	3966.29	2485.44	6546.12	5046.82	6308.53	18.45	454	494	495	503	41	11	536	533	0	0	536	535	84	148.06	30	3.24	16.81	2	3.39	2.13	4.8
30420	3997.82	2491.13	6586.94	5061.13	6326.41	19.12	455	495	497	503	42	10	537	534	0	0	537	536	84	148.55	30	3.24	16.81	2	3.39	2.13	4.8
30450	3983.16	2491.13	6586.94	5075.8	6344.75	19.12	455	495	499	507	44	14	537	535	0	0	537	537	84	149.05	30	3.24	16.81	2	3.39	2.13	4.8
30480	3990.01	2491.13	6607.93	5089.94	6362.43	19.12	455	497	499	509	44	14	538	536	0	0	538	538	84	149.63	30	3.24	16.81	2	3.39	2.13	4.8
30510	3998.91	2496.6	6625.77	5104.35	6380.44	19.12	456	499	502	509	46	12	540	538	0	0	540	540	84	150.2	30	3.24	16.81	2	3.39	2.13	4.8
30540	4007.62	2502.57	6646.11	5119.12	6398.91	21.94	457	501	503	510	46	11	541	539	0	0	541	541	84	150.78	30	3.24	16.81	2	3.39	2.13	4.8
30570	4026.05	2506.6	6674.83	5133.44	6416.8	21.94	458	503	504	511	46	10	544	541	0	0	544	543	84	151.26	30	3.24	16.81	2	3.39	2.13	4.8
30600	4030.89	2506.6	6692.72	5146.49	6433.11	21.94	458	505	505	516	47	13	546	544	0	0	546	546	84	151.7	30	3.24	16.81	2	3.39	2.13	4.8
30630	4032.42	2511.05	6703.59	5160.27	6450.34	21.94	459	506	508	518	49	14	548	545	0	0	548	547	84	152.15	31	3.24	16.81	2	3.39	2.13	4.8
30660	4052.78	2515.81	6732.85	5173.94	6467.42	21.94	460	507	510	518	50	13	549	546	0	0	549	548	84	152.83	31	3.24	16.81	2	3.39	2.13	4.8
30690	4082.58	2523.62	6768.86	5187.96	6484.95	21.94	462	510	511	519	49	11	551	548	0	0	551	550	84	153.46	31	3.24	16.81	2	3.39	2.13	4.8
30720	4109.05	2536.21	6795.37	5200.59	6500.74	21.94	464	512	513	520	49	10	552	550	0	0	552	552	84	154.15	31	3.24	16.81	2	3.39	2.13	4.8
30750	4121.61	2544.25	6812.99	5213.7	6517.12	21.94	466	514	514	524	48	12	553	550	0	0	553	552	84	154.88	31	3.24	16.81	2	3.39	2.13	4.8
30780	4135.98	2544.25	6843	5229.33	6536.66	21.94	466	516	514	524	48	10	554	551	0	0	554	553	84	155.63	31	3.24	16.81	2	3.39	2.13	4.8
30810	4139.39	2562.35	6843	5244.02	6555.03	21.94	470	516	515	526	45	12	555	552	0	0	555	554	84	156.32	31	3.24	16.81	2	3.39	2.13	4.8
30840	4159.86	2567.21	6872.6	5258.01	6572.51	21.94	471	518	517	527	46	11	557	554	0	0	557	556	84	157.03	31	3.24	16.81	2	3.39	2.13	4.8
30870	4157.12	2570.87	6880.9	5272.7	6590.87	21.94	472	519	521	528	49	11	559	556	0	0	559	558	84	157.76	32	3.24	16.81	2	3.39	2.13	4.8
30900	4206.13	2576.84	6937.93	5286.69	6608.37	21.94	473	524	521	529	48	7	560	558	0	0	560	560	84	158.33	32	3.24	16.81	2	3.39	2.13	4.8
30930	4209.77	2576.84	6954.83	5299.97	6624.96	21.94	473	525	524	531	51	8	563	560	0	0	563	562	84	159.02	32	3.24	16.81	2	3.39	2.13	4.8
30960	4230.3	2581.67	6986.07	5315.5	6644.38	21.94	474	527	525	533	51	8	564	562	0	0	564	564	84	159.67	32	3.24	16.81	2	3.39	2.13	4.8
30990	4225.42	2591.61	6986.07	5330.32	6662.9	21.94	476	527	526	534	50	9	566	564	0	0	566	566	84	160.31	32	3.24	16.81	2	3.39	2.13	4.8
31020	4224.52	2591.61	7000.39	5345.54	6681.93	21.94	476	529	527	534	51	7	568	565	0	0	568	567	84	160.96	32	3.24	16.81	2	3.39	2.13	4.8
31050	4228.52	2609.36	7000.39	5359.29	6699.11	21.94	479	529	530	537	51	10	570	568	0	0	570	570	84	161.61	33	3.24	16.81	2	3.39	2.13	4.8
31080	4229.04	2613.92	7009.37	5372.31	6715.39	21.94	480	530	532	537	52	9	572	570	0	0	572	572	84	162.23	33	3.24	16.81	2	3.39	2.13	4.8
31110	4265.7	2626.84	7045.82	5385.01	6731.26	21.94	483	533	533	541	50	10	574	572	0	0	574	574	84	163.2	34	3.24	16.81	2	3.39	2.13	4.8
31140	4281.12	2633.08	7068.46	5398.47	6748.09	21.94	484	534	537	543	53	11	574	572	0	0	574	574	84	163.85	34	3.24	16.81	2	3.39	2.13	4.8
31170	4276.79	2643.12	7068.46	5412.84	6766.05	21.94	486	534	538	544	52	12	577	574	0	0	577	576	84	164.43	34	3.24	16.81	2	3.39	2.13	4.8
31200	4275.94	2643.12	7084.41	5429.65	6787.07	21.94	486	536	538	546	52	12	578	575	0	0	578	577	84	165.04	34	3.24	16.81	2	3.39	2.13	4.8
31230	4289.58	2643.12	7114.51	5446.11	6807.63	21.94	486	538	538	546	52	10	578	576	0	0	578	578	85	165.54	34	3.24	16.81	2	3.39	2.13	4.8
31260	4283.18	2643.12	7123.2	5461.2	6826.5	21.94	486	539	540	550	54	13	579	576	0	0	579	578	85	166.09	34	3.24	16.81	2	3.39	2.13	4.8
31290	4285.35	2648.5	7133.09	5474.3	6842.88	21.94	487	540	544	554	57	16	580	577	0	0	580	579	86	166.59	34	3.24	16.81	2	3.39	2.13	4.8
31320	4298.6	2656.1	7153.95	5489.51	6861.89	21.94	488	542	546	554	58	14	582	579	0	0	582	581	86	167.12	34	3.24	16.81	2	3.39	2.13	4.8
31350	4297.32	2663.17	7161.1	5505	6881.24	21.94	490	543	548	555	58	14	583	580	0	0	583	582	86	167.69	34	3.24	16.81	2	3.39	2.13	5.12
31380	4373.68	2675.01	7239.26	5518.64	6898.3	21.94	493	549	548	558	55	11	585	582	0	0	585	584	86	168.23	34	3.24	16.81	2	3.39	2.13	5.12
31410	4392.87	2678.71	7268.14	5532.04	6915.05	21.94	494	551	550	561	56	12	586	583	0	0	586	585	86	168.77	34	3.24	16.81	2	3.39	2.13	5.12
31440	4389.19	2683.14	7277.47	5549.48	6936.85	21.94	495	552	550	561	55	11	587	585	0	0	587	587	86	169.18	34	3.24	16.81	2	3.39	2.13	5.12
31470	4413.19	2692.05	7309.08	5566	6957.5	21.94	497	554	551	562	54	10	588	586	0	0	588	588	86	169.76	34	3.24	16.81	2	3.39	2.13	5.12
31500	4411.3	2696.31	7317.91	5580.98	6976.23	21.94	498	555	551	563	53	10	589	587	0	0	589	589	86	170.21	34	3.24	16.81	2	3.39	2.13	5.12
31530	4428.06	2706.02	7339.6	5595.62	6994.52	21.94	500	557	552	563	52	8	591	588	0	0	591	590	86	170.72	34	3.24	16.81	2	3.39	2.13	5.12
31560	4420.66	2712.8	7339.6	5609.8	7012.25	21.94	501	557	553	565	52	10	591	589	0	0	591	591	86	171.19	34	3.24	16.81	2	3.39	2.13	5.12
31590	4464.54	2730.32	7379.4	5623.23	7029.04	21.94	503	560	554	566	51	8	593	590	0	0	593	592	86	171.58	35	3.24	16.81	2	3.39	2.13	5.12
31620	4464.32	2730.32	7394.06	5638.12	7047.64	21.94	503	561	555	567	52	8	594	592	0	0	594	594	86	172.1	35	3.24	16.81	2	3.39	2.13	5.12
31650	4455.37	2735.63	7394.06	5652.38	7065.48	21.94	504	561	556	570	52	11	595	593	0	0	595	595	86	172.52	35	3.24	16.81	2	3.39	2.13	5.12
31680	4488.82	2772.3	7404.55	5666.09	7082.62	21.94	506	562	558	572	52	12	598	595	0	0	598	597	86	172.98	35	3.24	16.81	2	3.39	2.13	5.12
