T.currentTimePoint	profit	revenueParcel	revenuePeople	cost	totalTravelDistance	discount	nbParcelComplete	nbPeopleComplete	nbParcelServed	nbPeopleServed	nbParcelOnBoard	nbPeopleOnBoard	nbParcelWaitBoarding	nbPeopleWaitBoarding	nbParcelRejects	nbPeopleRejects	nbParcelRequestsProcessed	nbPeopleRequestsProcessed	#running taxis	maxTravelDistanceOneTaxi	maxRequestServedOneTaxi	maxDecideTimePeopleRequests	maxDecideTimeParcelRequests	maxTimeOnePeopleInsertion	maxTimeOneParcelInsertion	maxTimeCollectAvailableTaxisPeopleInsertion	maxTimeFindTaxiParcelInsertion
21630	-1.43	0	0	1.43	1.79	0	0	0	0	0	0	0	6	6	0	0	6	6	5	0.43	0	0.21	8.32	0.05	0.04	0.04	3.05
21660	-5.94	0	0	5.94	7.43	0	0	0	3	0	3	0	14	14	0	0	14	14	11	1.24	0	0.47	15.12	0.12	0.04	0.09	3.06
21690	-17.2	0	0	17.2	21.5	0	0	0	6	0	6	0	22	21	0	0	22	21	24	1.95	0	0.47	15.12	0.12	0.06	0.14	3.11
21720	-32.43	0	0	32.43	40.54	0	0	0	10	0	10	0	30	29	0	0	30	29	33	2.73	0	0.47	15.26	0.12	0.06	0.14	3.15
21750	-47.59	3.33	0	50.92	63.65	0	1	0	15	0	14	0	35	35	0	0	35	35	42	3.43	1	0.47	15.26	0.12	0.14	0.14	3.15
21780	-69.96	3.33	0	73.29	91.61	0	1	0	20	0	19	0	44	44	1	0	45	44	52	4.03	1	0.86	15.35	0.12	0.14	0.24	3.18
21810	-82.6	19.77	0	102.37	127.96	0	5	0	27	0	22	0	49	49	1	0	50	49	63	4.58	1	0.86	15.35	0.12	0.14	0.24	3.18
21840	-98.03	32.27	0	130.3	162.88	0	8	0	31	0	23	0	57	57	1	0	58	57	68	5.15	1	0.86	15.35	0.12	0.14	0.24	3.18
21870	-132.12	32.27	0	164.39	205.49	0	8	0	38	1	30	1	64	64	1	0	65	64	76	5.68	1	1.39	15.53	0.19	0.19	0.32	3.18
21900	-154.43	48.3	0	202.73	253.42	0	12	0	40	2	28	2	70	70	1	0	71	70	88	6.09	1	1.57	15.53	0.19	0.19	0.38	3.18
21930	-184.87	56.84	0	241.71	302.14	0	14	0	44	4	30	4	76	77	1	0	77	77	94	6.49	2	1.57	15.53	0.19	0.19	0.38	3.18
21960	-188.51	92.24	0	280.75	350.94	0	22	0	51	6	29	6	86	86	1	0	87	86	103	6.86	2	2.67	16.02	0.19	0.19	0.61	3.21
21990	-219.51	104.77	0	324.28	405.34	0	25	0	55	10	30	10	93	94	1	0	94	94	110	7.16	2	2.67	16.02	0.19	0.19	0.61	3.21
22020	-223.59	137.98	9.08	370.64	463.31	0	31	1	61	14	30	13	100	101	1	0	101	101	115	7.7	2	2.67	16.02	0.19	0.19	0.61	3.21
22050	-245.24	161.89	9.08	416.21	520.26	0	35	1	66	16	31	15	105	105	1	0	106	105	117	8.15	2	2.67	16.02	0.19	0.19	0.61	3.21
22080	-250.83	180.29	36.01	467.13	583.91	0	39	4	68	20	29	16	112	112	1	0	113	112	121	8.66	2	2.67	16.02	0.19	0.19	0.61	3.21
22110	-248.94	215.12	52.63	516.69	645.86	0	46	6	74	23	28	17	117	118	1	0	118	118	126	9.1	2	2.67	16.02	0.19	0.19	0.61	3.21
22140	-258.59	232.05	76.52	567.16	708.95	0	49	9	78	26	29	17	123	124	2	0	125	124	132	9.54	2	2.67	16.02	0.19	0.19	0.61	3.31
22170	-227.49	271.82	117.05	616.36	770.45	0	57	13	81	27	24	14	129	131	2	0	131	131	132	10.21	2	2.67	16.07	0.19	0.19	0.61	3.42
22200	-223.55	282.02	159.18	664.75	830.94	0	59	18	84	30	25	12	135	136	2	0	137	136	134	10.94	2	2.67	16.07	0.19	0.19	0.61	3.42
22230	-209.24	306.89	193.04	709.17	886.46	0	64	22	89	35	25	13	142	144	2	0	144	144	134	11.51	2	2.67	16.07	0.19	0.19	0.61	3.69
22260	-222.67	325.33	206.46	754.46	943.07	0	67	23	94	38	27	15	147	148	2	0	149	148	137	12.09	2	2.67	16.07	0.19	0.26	0.61	3.69
22290	-226.63	350.68	221.7	799.02	998.77	0	72	25	95	40	23	15	153	154	2	0	155	154	137	12.59	3	2.67	16.07	0.19	0.26	0.61	3.69
22320	-218.2	376.64	248.29	843.13	1053.91	0	77	28	98	43	21	15	160	161	2	0	162	161	140	13.1	3	2.67	16.07	0.19	0.27	0.61	3.69
22350	-251	387.63	248.29	886.92	1108.65	0	79	28	101	47	22	19	165	167	2	0	167	167	144	13.57	3	2.67	16.07	0.19	0.27	0.61	3.69
22380	-286.93	397.79	248.29	933.01	1166.26	0	81	28	104	52	23	24	171	172	2	0	173	172	149	14.01	3	2.67	16.07	0.19	0.27	0.61	3.69
22410	-277.59	430.57	267.97	976.13	1220.17	0	87	30	110	58	23	28	179	180	2	0	181	180	152	14.43	3	2.67	16.07	0.19	0.27	0.61	4.04
22440	-251.55	430.57	339.26	1021.37	1276.71	0	87	36	115	62	28	26	185	187	2	0	187	187	155	14.99	3	2.67	16.07	0.19	0.27	0.61	4.04
22470	-253.93	460.82	353.7	1068.44	1335.55	0	92	38	119	66	27	28	193	195	2	0	195	195	157	15.47	3	2.67	16.07	0.19	0.27	0.61	4.04
22500	-257.89	477.06	384.68	1119.62	1399.53	0	95	40	124	67	29	27	201	202	2	0	203	202	161	16.01	3	2.67	16.07	0.19	0.45	0.61	4.04
22530	-210.4	504	455.48	1169.88	1462.35	0	100	47	128	72	28	25	208	209	2	0	210	209	164	16.54	3	2.67	16.07	0.19	0.45	0.61	4.04
22560	-225.48	518.74	473.59	1217.8	1522.26	0	103	48	131	81	28	33	212	214	2	0	214	214	165	17.03	3	2.67	16.07	0.19	0.45	0.61	4.04
22590	-178.43	536.56	554.13	1269.11	1586.39	0	107	52	135	87	28	35	219	220	2	0	221	220	166	17.51	4	2.67	16.07	0.19	0.45	0.61	4.04
22620	-120.05	536.56	664.11	1320.72	1650.9	0	107	62	137	95	30	33	226	228	2	0	228	228	168	17.96	4	2.67	16.07	0.19	0.52	0.61	4.04
22650	-99.98	569.63	701.19	1370.8	1713.5	0	114	65	139	99	25	34	231	232	2	0	233	232	168	18.42	4	2.67	16.07	0.19	0.52	0.61	4.04
22680	-91.02	593.01	738.38	1422.4	1778	0	119	68	140	107	21	39	235	236	2	0	237	236	168	18.88	4	2.67	16.07	0.19	0.52	0.61	4.04
22710	-82.77	625.99	762.73	1471.48	1839.35	0	125	71	142	114	17	43	242	244	2	0	244	244	169	19.29	4	2.67	16.07	0.19	0.52	0.61	4.04
22740	-78.54	636.71	802.06	1517.31	1896.63	0	127	75	146	121	19	46	247	249	2	0	249	249	170	19.79	4	2.67	16.07	0.19	0.52	0.61	4.04
22770	55.84	661.43	955.13	1560.71	1950.89	0	131	87	150	128	19	41	253	254	2	0	255	254	170	20.46	4	2.67	16.07	0.2	0.52	1.34	4.04
22800	169.65	696.41	1081.01	1607.78	2009.72	0	136	98	153	137	17	39	261	262	2	0	263	262	170	20.91	4	2.67	16.07	0.2	0.52	1.34	4.04
22830	178.49	696.41	1140.77	1658.69	2073.37	0	136	104	157	145	21	41	268	270	3	0	271	270	170	21.63	4	2.67	16.07	0.2	0.59	1.34	4.04
22860	202.78	715.69	1195.55	1708.45	2135.56	0	141	108	165	155	24	47	275	277	3	0	278	277	170	22.28	4	2.67	16.24	0.2	0.59	1.34	4.04
22890	210.33	734.37	1234.11	1758.15	2197.69	0	145	113	169	162	24	49	277	279	3	0	280	279	170	23.31	4	2.67	16.24	0.2	0.59	1.34	4.04
22920	265.95	743.16	1330.99	1808.21	2260.26	0	147	122	173	169	26	47	284	286	3	0	287	286	170	23.84	4	2.67	16.24	0.2	0.59	1.34	4.04
22950	355.35	768.08	1446.5	1859.23	2324.03	0	151	133	178	174	27	41	293	296	4	0	297	296	170	24.32	4	2.67	16.24	0.2	0.59	1.34	4.04
22980	417.83	779.38	1549.57	1911.12	2388.91	0	154	142	179	179	25	37	299	302	4	0	303	302	170	24.77	4	2.67	16.24	0.2	0.59	1.34	4.04
23010	430.35	798.81	1595.1	1963.56	2454.45	0	158	147	179	185	21	38	305	309	4	0	309	309	170	25.23	5	2.67	16.38	0.2	0.59	1.34	4.04
23040	447.41	828.93	1631.05	2012.57	2515.71	0	164	151	183	191	19	40	313	317	4	0	317	317	170	25.62	5	2.67	16.38	0.35	0.59	1.34	4.04
23070	509.9	844.26	1724.98	2059.34	2574.18	0	167	159	186	198	19	39	319	323	4	0	323	323	170	25.98	5	2.67	16.38	0.35	0.71	1.34	4.04
23100	507.36	854.36	1761.81	2108.8	2636	0	169	162	190	205	21	43	324	328	4	0	328	328	170	26.4	5	2.67	16.38	0.35	0.71	1.34	4.04
23130	638.89	871.3	1924.96	2157.37	2696.72	0	172	175	193	214	21	39	329	333	4	0	333	333	170	26.86	5	2.67	16.38	0.35	0.71	1.34	4.04
23160	633.91	898.45	1944.55	2209.09	2761.36	0	177	177	197	220	20	43	335	338	4	0	339	338	170	27.27	5	2.67	16.38	0.35	0.71	1.34	4.04
23190	685.45	913.89	2030.45	2258.88	2823.6	0	180	183	205	229	25	46	340	343	4	0	344	343	171	27.57	5	2.67	16.38	0.35	0.71	1.34	4.04
23220	721.04	942.27	2087.61	2308.85	2886.06	0	185	189	211	239	26	50	348	351	4	0	352	351	171	27.75	5	2.67	16.38	0.35	0.71	1.34	4.04
23250	758	954.48	2166.08	2362.56	2953.2	0	188	196	216	240	28	44	355	359	4	0	359	359	174	28.47	5	2.67	16.38	0.35	0.71	1.34	4.04
23280	803.95	967.28	2254.58	2417.92	3022.4	0	191	204	225	249	34	45	361	365	4	0	365	365	175	28.99	6	2.67	16.38	0.35	0.71	1.34	4.04
23310	852.56	995.45	2329.3	2472.19	3090.24	0	198	211	230	253	32	42	366	370	4	0	370	370	175	29.28	6	2.67	16.38	0.35	0.71	1.34	4.04
23340	913.42	1012.67	2426.09	2525.33	3156.67	0	202	219	233	260	31	41	372	375	4	0	376	375	175	29.87	6	2.67	16.38	0.35	0.71	1.34	4.04
23370	965.36	1036	2509.72	2580.36	3225.46	0	208	226	236	269	28	43	377	381	4	0	381	381	175	30.52	6	2.67	16.38	0.35	0.71	1.34	4.04
23400	1044.95	1053.61	2626.04	2634.7	3293.37	0	212	235	240	278	28	43	387	393	7	0	394	393	175	31.16	6	2.67	16.38	0.35	0.71	1.34	4.04
23430	1099.69	1075.29	2712.89	2688.48	3360.61	0	217	241	244	283	27	42	395	402	8	0	403	402	175	31.65	6	2.67	16.38	0.35	0.71	1.34	4.04
23460	1108.38	1084.79	2766.82	2743.23	3429.03	0	219	247	251	289	32	42	399	407	8	0	407	407	176	32.18	6	2.67	16.38	0.35	0.71	1.34	4.04
23490	1166.97	1113.12	2849.24	2795.39	3494.24	0	224	254	256	293	32	39	407	415	8	0	415	415	176	32.97	6	2.67	16.38	0.42	0.71	1.85	4.04
23520	1285.33	1163.89	2968.94	2847.5	3559.37	0	232	263	264	300	32	37	414	421	8	0	422	421	178	33.68	7	2.67	16.38	0.42	0.71	1.85	4.04
23550	1345.76	1191.25	3055.07	2900.55	3625.69	0	237	269	265	310	28	41	420	427	8	0	428	427	178	34.39	7	2.67	16.38	0.42	0.71	1.85	4.23
23580	1371.97	1213.33	3113.16	2954.52	3693.15	0	242	276	270	320	28	44	425	433	8	0	433	433	178	35.14	7	3.08	16.38	1.02	0.71	1.85	4.23
23610	1424.66	1231.87	3200.5	3007.71	3759.64	0	246	283	275	324	29	41	433	440	8	0	441	440	178	36	7	3.08	16.38	1.02	0.71	1.85	4.23
23640	1426.33	1250.16	3240.9	3064.73	3830.91	0	250	288	281	331	31	43	439	447	8	0	447	447	178	36.56	7	3.08	16.38	1.02	0.71	1.85	4.23
23670	1474.08	1267.25	3324.58	3117.75	3897.18	0	254	296	285	337	31	41	445	452	8	0	453	452	179	37.06	7	3.08	16.38	1.02	0.71	1.85	4.23
23700	1533.68	1284.13	3420.61	3171.05	3963.82	0	258	307	289	345	31	39	449	456	8	0	457	457	179	37.52	8	3.08	16.38	1.02	0.71	2.01	4.23
23730	1591.06	1325.13	3493	3227.06	4033.83	0	266	312	294	353	28	42	455	461	8	0	463	462	179	38.09	8	3.08	16.38	1.02	0.71	2.01	4.23
23760	1594.43	1335.42	3542.43	3283.42	4104.27	0	268	318	301	354	33	37	463	470	8	0	471	471	179	38.51	8	3.08	16.38	1.02	0.71	2.01	4.23
23790	1619.58	1346.04	3612.66	3339.13	4173.91	0	270	325	306	358	36	34	468	474	8	0	476	475	179	39.07	8	3.08	16.38	1.02	0.71	2.01	4.23
23820	1737.69	1366.55	3759.99	3388.85	4236.06	0	275	336	310	368	35	33	474	481	8	0	482	482	179	39.43	8	3.08	16.38	1.02	0.71	2.01	4.23
23850	1734.89	1394.95	3779.31	3439.36	4299.2	0	281	338	316	376	35	39	480	487	8	0	488	488	179	39.78	8	3.08	16.38	1.02	0.71	2.01	4.23
23880	1766.5	1412.81	3848.1	3494.41	4368.01	0	285	345	323	381	38	37	488	495	8	0	496	496	179	40.12	8	3.08	16.38	1.02	0.71	2.01	4.23
23910	1779.26	1448.29	3881.15	3550.18	4437.72	0	292	347	325	385	33	39	494	500	8	0	502	501	179	40.44	8	3.08	16.38	1.02	0.71	2.01	4.23
23940	1850.07	1471.46	3980.39	3601.78	4502.23	0	296	356	333	396	37	41	500	506	8	0	508	507	179	40.64	8	3.08	16.38	1.02	0.71	2.01	4.23
23970	1919.48	1521.58	4050.93	3653.02	4566.28	0	304	362	340	401	36	40	505	511	8	0	513	512	179	40.86	8	3.08	16.38	1.02	0.71	2.01	4.23
24000	1974.19	1553.06	4127.86	3706.73	4633.41	0	311	369	346	408	35	40	511	517	8	0	519	518	179	41.59	9	3.08	16.38	1.02	0.71	2.01	4.23
24030	2005.92	1575.6	4192.47	3762.14	4702.68	0	316	374	349	416	33	43	518	525	8	0	526	526	179	42.33	9	3.08	16.38	1.02	0.71	2.01	4.23
24060	2049.91	1590.25	4277.98	3818.33	4772.91	0	319	381	356	422	37	42	526	532	8	0	534	533	179	43.13	9	3.08	17.8	1.02	0.71	2.01	4.23
24090	2141.33	1627.69	4388.3	3874.67	4843.34	0	327	389	360	431	33	43	532	539	8	0	540	540	179	44.01	9	3.08	17.8	1.02	0.71	2.01	4.23
24120	2129.95	1640.64	4422.57	3933.26	4916.58	0	330	392	365	434	35	43	540	547	8	0	548	548	179	44.74	9	3.08	17.8	1.02	0.71	2.01	4.23
24150	2116.04	1656.97	4451.78	3992.71	4990.89	0	334	395	373	438	39	44	545	552	8	0	553	553	179	45.68	9	3.08	17.8	1.02	0.71	2.01	4.23
24180	2177.92	1714.69	4510.75	4047.52	5059.4	0	345	401	377	441	32	41	547	553	8	0	555	554	180	46.46	9	3.08	17.8	1.02	0.71	2.01	4.23
24210	2280.61	1741.03	4639.03	4099.45	5124.31	0	350	411	379	449	29	39	551	557	8	0	559	558	180	47.09	9	3.08	17.8	1.02	0.71	2.01	4.23
24240	2366.07	1761.55	4758.87	4154.34	5192.93	0	354	420	387	453	33	34	554	561	8	0	562	562	180	47.69	10	3.08	17.8	1.02	0.71	2.01	4.23
24270	2342.42	1775.41	4779.65	4212.65	5265.81	0	357	422	391	455	34	34	560	566	8	0	568	567	180	48.17	10	3.08	17.8	1.02	0.71	2.01	4.23
24300	2329.95	1794.02	4805.14	4269.22	5336.52	0	361	424	399	464	38	41	566	573	8	0	574	574	180	48.69	10	3.08	17.8	1.02	0.71	2.01	4.23
24330	2401.98	1827.78	4895.98	4321.77	5402.21	0	367	431	403	472	36	42	574	580	8	0	582	581	180	49.29	10	3.08	17.8	1.02	0.71	2.01	4.23
24360	2439.97	1860.34	4955.41	4375.78	5469.73	0	373	435	406	477	33	43	580	587	8	0	588	588	180	49.76	10	3.08	17.8	1.02	0.71	2.01	4.23
24390	2488.81	1903.93	5013.64	4428.75	5535.94	0	383	440	409	484	26	45	584	591	8	0	592	592	180	50.25	10	3.08	17.8	1.02	0.71	2.01	4.23
24420	2646.46	1918.35	5209.74	4481.63	5602.04	0	386	454	412	488	26	35	590	596	8	0	598	597	180	50.64	10	3.08	17.8	1.02	0.71	2.01	4.23
24450	2649.12	1927.38	5257.12	4535.38	5669.22	0	388	457	418	494	30	38	592	599	8	0	600	600	180	51.02	10	3.08	17.8	1.02	0.71	2.01	4.23
24480	2697.1	1948.58	5337.17	4588.65	5735.81	0	392	464	425	499	33	36	598	604	8	0	606	605	180	51.39	11	3.08	17.8	1.02	0.71	2.01	4.23
24510	2707.61	1968.72	5379.68	4640.8	5800.99	0	396	468	427	504	31	37	601	607	8	0	609	608	180	51.76	11	3.08	17.8	1.02	0.71	2.01	4.23
24540	2757.17	2006.6	5443.6	4693.04	5866.3	0	404	474	430	513	26	40	606	613	8	0	614	614	180	52.02	11	3.08	17.8	1.02	0.71	2.01	4.23
24570	2810.48	2019.27	5535.77	4744.57	5930.71	0	406	481	434	517	28	37	612	618	8	0	620	619	180	52.32	11	3.08	17.8	1.02	0.71	2.01	4.23
24600	2858.66	2053.97	5605.14	4800.45	6000.57	0	413	487	438	518	25	32	617	624	8	0	625	625	180	52.73	11	3.08	17.8	1.02	0.71	2.01	4.23
24630	2901.64	2083.2	5673.2	4854.76	6068.45	0	416	491	445	523	29	33	617	624	8	0	625	625	180	53.54	11	3.08	17.8	1.02	0.71	2.01	4.23
24660	2936.9	2087.84	5754.98	4905.93	6132.41	0	417	500	446	531	29	32	617	624	8	0	625	625	180	54.16	11	3.08	17.8	1.02	0.71	2.01	4.23
24690	2942.8	2105.08	5796.21	4958.49	6198.11	0	420	504	451	537	31	34	617	624	8	0	625	625	180	54.76	11	3.08	17.8	1.02	0.71	2.01	4.23
24720	2960.29	2117.48	5852.7	5009.89	6262.36	0	423	508	454	541	31	34	617	624	8	0	625	625	180	55.24	12	3.08	17.8	1.02	0.71	2.01	4.23
24750	2987.54	2135.01	5913.64	5061.1	6326.38	0	426	513	455	550	29	38	617	624	8	0	625	625	180	56.11	12	3.08	17.8	1.02	0.71	2.01	4.23
24780	3001.03	2152.35	5957.83	5109.14	6386.43	0	429	518	460	556	31	39	617	624	8	0	625	625	180	56.91	12	3.08	17.8	1.02	0.71	2.01	4.23
24810	3017.43	2170.27	6007.89	5160.73	6450.91	0	433	522	463	563	30	42	617	624	8	0	625	625	180	57.6	12	3.08	17.8	1.02	0.71	2.01	4.23
24840	3075.57	2190.52	6092.49	5207.44	6509.3	0	437	529	468	571	31	43	617	624	8	0	625	625	180	58.44	12	3.08	17.8	1.02	0.71	2.01	4.23
24870	3102.34	2208.02	6151.47	5257.14	6571.43	0	440	535	469	574	29	40	617	624	8	0	625	625	180	59.17	12	3.08	17.8	1.02	0.71	2.01	4.23
24900	3093.35	2224.62	6174.62	5305.89	6632.37	0	443	537	471	578	28	42	617	624	8	0	625	625	180	59.91	12	3.08	17.8	1.02	0.71	2.01	4.23
24930	3175.77	2257.58	6269.27	5351.07	6688.84	0	449	544	474	588	25	45	617	624	8	0	625	625	180	60.37	12	3.08	17.8	1.02	0.71	2.01	4.23
24960	3213.11	2282.77	6325.41	5395.07	6743.84	0	452	549	476	592	24	44	617	624	8	0	625	625	180	60.85	12	3.08	17.8	1.02	0.71	2.01	4.23
24990	3273.28	2305.74	6411.86	5444.32	6805.41	0	456	556	481	596	25	41	617	624	8	0	625	625	180	61.41	12	3.08	17.8	1.02	0.71	2.01	4.23
25020	3353.59	2331.82	6507.74	5485.97	6857.46	0	460	564	483	596	23	33	617	624	8	0	625	625	180	61.9	13	3.08	17.8	1.02	0.71	2.01	4.23
25050	3443.93	2350.2	6621.35	5527.62	6909.52	0	464	575	487	600	23	26	617	624	8	0	625	625	180	62.3	13	3.08	17.8	1.02	0.71	2.01	4.23
25080	3450.22	2377.76	6641.73	5569.27	6961.58	0	468	577	492	601	24	25	617	624	8	0	625	625	180	62.65	13	3.08	17.8	1.02	0.71	2.01	4.23
25110	3495.29	2401.74	6704.64	5611.09	7013.87	0	473	581	493	602	20	22	617	624	8	0	625	625	180	62.99	13	3.08	17.8	1.02	0.71	2.01	4.23
25140	3512.7	2440.07	6723.72	5651.09	7063.86	0	478	583	493	606	15	24	617	624	8	0	625	625	180	63.36	13	3.08	17.8	1.02	0.71	2.01	4.23
25170	3596.68	2444.02	6839.5	5686.84	7108.55	0	479	589	495	609	16	21	617	624	8	0	625	625	180	63.86	13	3.08	17.8	1.02	0.71	2.01	4.23
25200	3595.91	2458.47	6859.55	5722.1	7152.63	0	482	590	501	613	19	24	617	624	8	0	625	625	180	64.35	13	3.08	17.8	1.02	0.71	2.01	4.23
25230	3665.99	2496.21	6923.23	5753.44	7191.8	0	487	593	503	616	16	24	617	624	8	0	625	625	180	64.85	13	3.08	17.8	1.02	0.71	2.01	4.23
25260	3663.02	2510.18	6939.23	5786.39	7232.99	0	490	596	505	619	15	25	627	636	11	0	638	638	180	65.36	13	3.08	18.72	1.02	0.71	2.14	4.67
25290	3650.8	2526.27	6951.97	5827.44	7284.3	0	493	597	508	620	15	25	637	650	15	0	652	652	180	66.15	13	3.08	18.72	1.02	0.71	2.14	4.67
25320	3675.04	2530.13	7012.95	5868.04	7335.05	0	494	598	518	620	24	24	645	658	16	0	661	660	180	66.67	13	3.08	18.72	1.02	0.71	2.14	4.67
25350	3687.18	2530.13	7065.67	5908.62	7385.77	0	494	602	530	622	36	22	652	665	16	0	668	667	180	67.22	13	3.08	18.72	1.02	0.71	2.14	4.67
25380	3672.58	2546.16	7076.85	5950.43	7438.04	0	497	603	535	626	38	25	658	671	16	0	674	673	180	68	13	3.08	18.72	1.02	0.71	2.14	4.67
25410	3718.4	2564.99	7147.83	5994.42	7493.02	0	501	606	537	627	36	23	667	681	16	0	683	683	180	68.96	13	3.08	18.72	1.02	0.71	2.14	4.67
25440	3724.26	2584.3	7176.99	6037.03	7546.29	0	505	608	545	629	40	23	675	688	16	0	691	690	180	69.74	14	3.08	18.72	1.02	0.71	2.14	4.67
25470	3728.39	2608.96	7196.18	6076.74	7595.93	0	511	609	548	635	37	28	681	694	16	0	697	696	180	70.38	14	3.08	18.72	1.02	0.71	2.14	4.67
25500	3736.01	2621.16	7234.86	6120	7650.01	0	514	612	552	635	38	25	686	700	16	0	702	702	180	71.01	14	3.08	18.72	1.02	0.71	2.14	4.67
25530	3838.48	2651.18	7346.75	6159.46	7699.33	0	520	619	555	641	35	24	691	704	16	0	707	706	180	71.46	14	3.08	18.72	1.02	0.71	2.14	4.67
25560	3871.94	2682.2	7387.32	6197.58	7746.98	0	526	622	558	641	32	21	700	714	16	0	716	716	180	72.05	14	3.08	18.72	1.02	0.71	2.14	4.67
25590	3904.55	2705.62	7439.44	6240.51	7800.63	0	530	626	560	646	30	22	707	720	16	0	723	722	180	72.61	14	3.08	18.72	1.02	0.71	2.14	4.67
25620	3908.45	2718.17	7471.91	6281.63	7852.04	0	533	630	565	646	32	18	710	724	16	0	726	726	180	73.09	14	3.08	18.72	1.02	0.71	2.14	4.67
25650	3955.68	2733	7545.47	6322.8	7903.5	0	536	633	571	649	35	18	715	729	16	0	731	731	180	73.61	14	3.08	18.72	1.02	0.71	2.14	4.67
25680	3963.14	2755.68	7570.78	6363.32	7954.15	0	540	635	575	651	35	18	724	738	16	0	740	740	180	74	14	3.08	18.72	1.02	0.71	2.14	4.67
25710	3962.43	2771.78	7598.43	6407.78	8009.72	0	543	637	581	651	38	16	731	744	16	0	747	746	180	74.38	14	3.08	18.72	1.02	0.71	2.14	4.67
25740	4051.12	2802.49	7700.42	6451.79	8064.74	0	549	642	587	654	38	14	737	751	16	0	753	753	180	74.74	15	3.08	18.72	1.02	0.71	2.14	4.67
25770	4105.45	2813.06	7786.87	6494.48	8118.1	0	551	647	589	659	38	14	742	755	16	0	758	757	180	75.11	15	3.08	18.72	1.02	0.71	2.14	4.67
25800	4092.42	2831.23	7799.46	6538.27	8172.84	0	556	648	593	665	37	19	747	761	16	0	763	763	180	75.42	15	3.08	18.72	1.02	0.71	2.14	4.67
25830	4046	2831.23	7799.46	6584.69	8230.86	0	556	648	595	672	39	26	755	769	16	0	771	771	180	75.72	15	3.08	18.72	1.02	0.71	2.14	4.67
25860	4008.63	2831.23	7806.78	6629.38	8286.72	0	556	649	603	677	47	30	761	775	16	0	777	777	180	75.89	15	3.08	18.72	1.02	0.71	2.14	4.67
25890	4058.46	2850.19	7879.85	6671.58	8339.47	0	560	656	607	683	47	29	767	780	16	0	783	782	180	76.18	15	3.08	18.72	1.02	0.71	2.14	4.67
25920	4080.19	2861.15	7931.53	6712.49	8390.61	0	562	660	608	694	46	36	773	787	16	0	789	789	180	76.73	15	3.08	18.72	1.02	0.71	2.14	4.67
25950	4076.82	2875.08	7960.93	6759.19	8448.99	0	565	663	609	699	44	38	781	796	17	0	798	798	180	77.25	15	3.13	18.72	1.02	0.8	2.14	4.67
25980	4159.98	2911.65	8053	6804.66	8505.82	0	572	668	611	704	39	38	785	800	17	0	802	802	180	77.6	15	3.13	18.72	1.02	0.8	2.14	4.67
26010	4194.71	2923.24	8123.85	6852.38	8565.47	0	574	675	612	707	38	34	791	805	17	0	808	807	180	77.64	15	3.13	18.72	1.02	0.8	2.14	4.67
26040	4197.78	2943.79	8154.24	6900.25	8625.32	0	578	678	612	710	34	34	800	815	17	0	817	817	180	78.27	15	3.13	18.72	1.02	0.8	2.14	4.67
26070	4154.87	2950.58	8154.24	6949.95	8687.44	0	579	678	618	715	39	39	803	817	17	0	820	819	181	78.68	15	3.13	18.72	1.02	0.8	2.14	4.67
26100	4170.55	2966.79	8199.92	6996.15	8745.19	0	582	683	622	718	40	37	808	822	17	0	825	824	181	79.09	15	3.13	18.72	1.02	0.8	2.14	4.67
26130	4222.24	2971.1	8292.29	7041.14	8801.43	0	583	690	624	726	41	38	813	827	17	0	830	829	181	79.61	15	3.13	18.72	1.02	0.8	2.14	4.67
26160	4266.83	2976.01	8379.33	7088.51	8860.63	0	584	697	627	731	43	36	819	834	17	0	836	836	182	80.38	15	3.13	18.72	1.02	0.8	2.14	4.67
26190	4267.73	2985.33	8420.93	7138.54	8923.18	0	586	700	628	736	42	38	824	838	17	0	841	840	183	80.98	15	3.13	18.72	1.02	0.8	2.14	4.67
26220	4316.17	3016.01	8488.59	7188.43	8985.53	0	591	704	629	740	38	38	830	845	17	0	847	847	183	81.61	15	3.13	18.72	1.02	0.8	2.14	4.67
26250	4379.87	3035.7	8578.47	7234.31	9042.88	0	595	710	635	747	40	39	837	851	17	0	854	853	183	82.22	15	3.13	18.72	1.02	0.8	2.14	4.67
26280	4410.04	3040.19	8651.14	7281.29	9101.62	0	596	718	639	757	43	41	842	856	17	0	859	858	183	82.75	16	3.13	18.72	1.02	0.8	2.14	4.67
26310	4426.62	3059.79	8698.44	7331.61	9164.52	0	599	721	641	763	42	44	846	860	17	0	863	862	183	83.21	16	3.13	18.72	1.02	0.8	2.14	4.67
26340	4449.05	3067.61	8763.56	7382.12	9227.65	0	601	726	647	767	46	43	852	866	17	0	869	868	183	83.65	16	3.13	18.72	1.02	0.8	2.14	4.67
26370	4513.27	3091.28	8854.39	7432.41	9290.51	0	605	735	651	773	46	40	856	871	17	0	873	873	183	83.91	16	3.13	18.72	1.02	0.8	2.14	4.67
26400	4537.33	3098.89	8922.5	7484.05	9355.06	0	607	741	654	780	47	41	862	877	17	0	879	879	183	84.2	16	3.13	18.72	1.02	0.8	2.14	4.67
26430	4529.2	3114.1	8950.96	7535.86	9419.82	0	610	744	656	783	46	41	868	882	17	0	885	884	184	84.89	16	3.13	18.72	1.02	0.8	2.14	4.67
26460	4579.47	3119.65	9048	7588.18	9485.23	0	611	749	661	789	50	42	876	891	17	0	893	893	184	85.54	16	3.65	18.72	1.02	0.8	2.14	4.67
26490	4603.27	3140.56	9101.03	7638.32	9547.9	0	615	754	662	796	47	44	883	898	18	0	901	900	184	86.18	16	3.65	18.72	1.02	0.8	2.14	4.67
26520	4670.14	3168.45	9191.22	7689.52	9611.9	0	620	762	667	799	47	39	888	903	18	0	906	905	184	86.8	16	3.65	18.72	1.02	0.8	2.14	4.67
26550	4653.66	3186.39	9206.85	7739.58	9674.48	0	624	764	668	812	44	50	896	913	19	0	915	915	184	87.46	17	3.65	18.72	1.02	0.8	2.14	4.67
26580	4810.59	3204.63	9394.53	7788.56	9735.7	0	627	778	672	816	45	40	903	919	19	0	922	921	185	87.98	17	3.65	18.72	1.02	0.8	2.14	4.67
26610	4801.71	3214.39	9427.56	7840.24	9800.3	0	629	780	677	822	48	44	909	926	19	0	928	928	185	88.5	17	3.65	18.72	1.02	0.8	2.14	4.67
26640	4905.58	3253.09	9543.33	7890.84	9863.55	0	637	789	681	831	44	44	913	930	19	0	932	932	185	88.88	17	3.65	18.72	1.02	0.8	2.14	4.67
26670	4935.67	3270.49	9610.24	7945.06	9931.33	0	641	795	683	836	42	43	917	934	19	0	936	936	185	89.04	17	3.65	18.72	1.02	0.8	2.14	4.67
26700	4962.19	3277.41	9683.16	7998.38	9997.97	0	643	801	685	845	42	46	925	942	19	0	944	944	185	89.35	17	3.65	18.72	1.02	0.8	2.14	4.67
26730	4968.35	3290.78	9727.88	8050.32	10062.9	0	645	806	693	849	48	45	933	949	19	0	952	951	185	90.13	17	3.65	18.72	1.02	0.8	2.14	4.67
26760	5017.12	3299.04	9824.46	8106.38	10132.97	0	647	813	698	855	51	44	938	954	19	0	957	956	188	90.81	17	3.65	18.72	1.02	0.8	2.14	4.67
26790	5089.83	3326.09	9926.28	8162.54	10203.18	0	653	821	699	861	46	42	942	959	19	0	961	961	189	91.46	18	3.65	18.72	1.02	0.8	2.14	4.67
26820	5086.79	3330.82	9974.73	8218.76	10273.46	0	654	826	706	864	52	40	947	964	19	0	966	966	189	92.19	18	3.65	18.72	1.02	0.8	2.14	4.67
26850	5127.99	3357.01	10048.61	8277.63	10347.03	0	660	831	711	867	51	38	954	971	19	0	973	973	190	92.68	18	3.65	18.72	1.02	0.8	2.14	4.67
26880	5159.18	3373.59	10117.51	8331.92	10414.89	0	664	837	716	873	52	38	961	977	19	0	980	979	190	93.22	18	3.65	18.72	1.02	0.8	2.14	4.67
26910	5205.61	3423.3	10168.78	8386.47	10483.08	0	670	841	720	878	50	39	965	981	19	0	984	983	190	93.72	18	3.65	18.72	1.02	0.8	2.14	4.67
26940	5222.2	3431.14	10232.98	8441.92	10552.41	0	671	845	723	882	52	39	972	989	19	0	991	991	191	94.16	18	3.65	18.72	1.02	0.8	2.14	4.67
26970	5311.31	3473.39	10336.05	8498.12	10622.65	0	678	850	725	888	47	40	980	998	20	0	1000	1000	193	94.57	18	3.65	18.72	1.02	0.8	2.14	4.67
27000	5325.49	3506.6	10371.07	8552.18	10690.23	0	685	852	727	896	42	46	989	1007	20	0	1009	1009	197	94.64	18	3.65	18.72	1.02	0.8	2.14	4.67
27030	5374.74	3519.77	10460.99	8606.01	10757.51	0	688	859	728	906	40	49	997	1014	20	0	1017	1016	200	95.29	18	3.65	18.72	1.02	0.8	2.14	4.67
27060	5421.48	3538.52	10547.91	8664.95	10831.19	0	692	866	735	914	43	50	1001	1019	20	0	1021	1021	200	96.15	18	3.65	18.72	1.02	0.8	2.14	4.67
27090	5436.13	3552.38	10608.89	8725.13	10906.41	0	694	872	738	917	44	47	1007	1024	20	0	1027	1026	200	96.71	18	3.65	18.72	1.02	0.8	2.14	4.67
27120	5561.03	3569.93	10777.43	8786.33	10982.92	0	697	881	742	922	45	43	1013	1031	20	0	1033	1033	201	97.2	18	3.65	18.72	1.02	0.8	2.14	4.67
27150	5574.64	3583.61	10837.82	8846.79	11058.49	0	700	887	746	925	46	40	1018	1036	20	0	1038	1038	201	97.69	18	3.65	18.72	1.02	0.8	2.14	4.67
27180	5578.55	3589.14	10900.16	8910.76	11138.45	0	701	893	749	929	48	38	1025	1043	20	0	1045	1045	202	98.36	18	3.65	18.72	1.02	0.8	2.14	4.67
27210	5587.23	3609.49	10952.08	8974.34	11217.92	0	705	898	753	938	48	42	1032	1049	20	0	1052	1051	204	98.75	19	3.65	18.72	1.02	0.8	2.14	4.67
27240	5625.56	3633.4	11027.45	9035.28	11294.1	0	710	903	757	942	47	41	1039	1057	20	0	1059	1059	204	98.96	19	3.65	18.72	1.02	0.8	2.14	4.67
27270	5609.58	3643.09	11065.52	9099.02	11373.78	0	712	907	761	947	49	42	1043	1061	20	0	1063	1063	205	99.21	19	3.65	18.72	1.02	0.8	2.14	4.67
27300	5666.83	3671.43	11157.63	9162.23	11452.79	0	718	915	764	954	46	41	1049	1066	20	0	1069	1068	205	100.23	19	3.65	18.72	1.02	0.8	2.14	4.67
27330	5728.58	3686.84	11264.5	9222.76	11528.45	0	721	922	770	961	49	41	1052	1070	20	0	1072	1072	205	100.97	19	3.65	18.72	1.02	0.8	2.14	4.67
27360	5763.79	3695	11355.07	9286.28	11607.85	0	723	927	775	969	52	44	1058	1076	20	0	1078	1078	205	101.64	19	3.65	18.72	1.02	0.8	2.14	4.67
27390	5804.35	3718.49	11431.52	9345.67	11682.09	0	728	934	778	974	50	42	1064	1082	20	0	1084	1084	205	102.39	19	3.65	18.72	1.02	0.8	2.14	4.67
27420	5888.77	3740.85	11555.13	9407.21	11759.01	0	733	943	781	980	48	39	1074	1093	21	0	1095	1095	206	102.94	19	3.65	18.72	1.02	0.8	2.14	4.67
27450	5881.65	3766.51	11584.48	9469.34	11836.68	0	735	946	788	986	53	42	1078	1096	21	0	1099	1098	207	103.58	19	3.65	18.72	1.02	0.8	2.14	4.67
27480	5967.92	3816.28	11682.5	9530.86	11913.57	0	742	954	793	988	51	36	1083	1101	21	0	1104	1103	207	104.07	19	3.65	18.72	1.02	0.8	2.14	4.67
27510	5965.29	3824.84	11734.77	9594.32	11992.9	0	744	958	796	992	52	36	1088	1107	21	0	1109	1109	207	104.65	20	3.65	18.72	1.02	0.8	2.14	4.67
27540	5988.62	3854.78	11791.58	9657.74	12072.18	0	749	964	798	998	49	36	1094	1112	21	0	1115	1114	207	105	20	3.65	18.72	1.02	0.8	2.14	4.67
27570	6134.37	3883.04	11968.71	9717.39	12146.73	0	754	970	804	1004	50	36	1098	1116	21	0	1119	1118	208	105.33	20	3.65	18.72	1.02	0.8	2.14	4.67
27600	6194.47	3936.16	12037.17	9778.86	12223.57	0	765	976	806	1009	41	35	1105	1124	21	0	1126	1126	208	105.56	20	3.65	18.72	1.02	0.8	2.14	4.67
27630	6263.09	3969.18	12131.46	9837.55	12296.94	0	771	985	809	1017	38	34	1112	1130	21	0	1133	1132	208	105.56	20	3.65	18.72	1.02	0.8	2.14	4.67
27660	6284.2	3979.96	12205.8	9901.55	12376.94	0	774	991	813	1023	39	34	1116	1135	21	0	1137	1137	208	106.42	20	3.65	18.72	1.02	0.8	2.14	4.67
27690	6359.5	4008.68	12314.45	9963.63	12454.54	0	780	996	819	1030	39	36	1121	1139	21	0	1142	1141	208	107.14	20	3.65	18.72	1.02	0.8	2.14	4.67
27720	6323.65	4026.16	12322.46	10024.96	12531.2	0	782	997	827	1034	45	39	1123	1142	21	0	1144	1144	208	107.76	20	3.65	18.72	1.02	0.8	2.14	4.67
27750	6281.03	4034.04	12334.99	10088	12610	0	784	998	830	1040	46	44	1128	1147	21	0	1149	1149	208	108.32	20	3.65	18.72	1.02	0.8	2.14	4.67
27780	6347.65	4074.83	12420.31	10147.49	12684.36	0	791	1005	836	1048	45	45	1131	1150	21	0	1152	1152	208	108.83	20	3.65	18.72	1.02	0.8	2.14	4.67
27810	6409.77	4110.97	12501.78	10202.98	12753.72	0	798	1013	840	1058	42	47	1137	1156	21	0	1158	1158	208	109.32	20	3.65	18.72	1.02	0.8	2.14	4.67
27840	6449.61	4123.25	12590.82	10264.46	12830.57	0	801	1020	842	1065	41	47	1142	1160	21	0	1163	1162	208	109.9	20	3.65	18.72	1.02	0.8	2.14	4.67
27870	6473.06	4137.45	12662.01	10326.4	12908.01	0	804	1025	843	1072	39	49	1147	1166	21	0	1168	1168	208	110.21	20	3.65	18.72	1.02	0.8	2.14	4.67
27900	6564.26	4166.04	12782.75	10384.54	12980.67	0	809	1036	851	1079	42	45	1153	1171	21	0	1174	1173	208	110.25	20	3.65	18.72	1.02	0.8	2.14	4.67
27930	6576.29	4208.41	12809.69	10441.81	13052.27	0	818	1039	854	1087	36	50	1158	1176	21	0	1179	1178	208	110.87	21	3.65	18.72	1.02	0.8	2.14	4.67
27960	6641.87	4208.41	12939.61	10506.15	13132.68	0	818	1049	857	1090	39	43	1164	1183	21	0	1185	1185	208	111.66	21	3.65	18.72	1.02	0.8	2.14	4.67
27990	6672.24	4223.02	13019.56	10570.34	13212.92	0	821	1055	861	1096	40	43	1170	1188	21	0	1191	1190	208	112.41	21	3.65	18.72	1.02	0.8	2.14	4.67
28020	6649.38	4230.19	13054.6	10635.41	13294.26	0	823	1059	864	1102	41	45	1174	1193	21	0	1195	1195	208	112.87	21	3.65	18.72	1.02	0.8	2.14	4.67
28050	6681.44	4260.29	13116.61	10695.46	13369.33	0	828	1065	868	1109	40	46	1181	1200	21	0	1202	1202	208	113.27	21	3.65	18.72	1.02	0.8	2.14	4.67
28080	6710.58	4281.45	13184.04	10754.91	13443.64	0	833	1070	874	1112	41	44	1188	1207	21	0	1209	1209	210	113.48	21	3.65	18.72	1.02	0.8	2.14	4.67
28110	6781.6	4307.38	13289.47	10815.26	13519.07	0	837	1077	879	1121	42	46	1195	1213	21	0	1216	1215	211	113.81	21	3.65	18.72	1.02	0.8	2.14	4.67
28140	6796.11	4320.27	13352.42	10876.58	13595.72	0	840	1083	884	1128	44	47	1200	1218	21	0	1221	1220	211	114.69	21	3.65	18.72	1.02	0.8	2.14	4.67
28170	6827.12	4348.02	13419.8	10940.69	13675.87	0	844	1088	888	1129	44	43	1203	1222	21	0	1224	1224	211	115.29	21	3.65	18.72	1.02	0.8	2.14	4.67
28200	6966.52	4385.07	13581.87	11000.43	13750.54	0	850	1099	891	1135	41	38	1207	1226	21	0	1228	1228	211	116.06	21	3.65	18.72	1.02	0.8	2.14	4.67
28230	7023.5	4408.96	13674.8	11060.26	13825.33	0	854	1104	895	1144	41	42	1214	1233	21	0	1235	1235	211	116.46	21	3.65	18.72	1.02	0.8	2.14	4.67
28260	7085.79	4437.42	13767.71	11119.34	13899.18	0	860	1111	898	1152	38	43	1221	1240	21	0	1242	1242	211	116.87	21	3.65	18.72	1.02	0.8	2.14	4.67
28290	7136.72	4458.52	13857.67	11179.47	13974.33	0	864	1118	903	1157	39	41	1227	1246	21	0	1248	1248	212	117.06	21	3.65	18.72	1.02	0.8	2.14	4.67
28320	7256.97	4479.63	14017.15	11239.82	14049.77	0	869	1129	906	1163	37	36	1231	1250	21	0	1252	1252	212	117.31	21	3.65	18.72	1.02	0.8	2.14	4.67
28350	7274.03	4508.49	14066.78	11301.24	14126.55	0	875	1133	912	1169	37	38	1237	1255	21	0	1258	1257	212	118.55	22	3.65	18.72	1.02	0.8	2.14	4.67
28380	7285.32	4531.74	14117.04	11363.47	14204.34	0	877	1137	914	1180	37	45	1242	1260	21	0	1263	1262	212	119.04	22	3.65	18.72	1.02	0.8	2.14	4.67
28410	7305.33	4561.39	14170.15	11426.22	14282.78	0	881	1142	917	1180	36	40	1249	1268	21	0	1270	1270	212	119.66	22	3.65	18.72	1.02	0.8	2.14	4.67
28440	7337.14	4601.15	14220.25	11484.26	14355.32	0	889	1147	923	1185	34	40	1254	1273	21	0	1275	1275	212	120.11	22	3.65	18.72	1.02	0.8	2.14	4.67
28470	7385.52	4601.15	14328.4	11544.03	14430.04	0	889	1155	928	1190	39	37	1258	1277	21	0	1279	1279	214	120.75	22	3.65	18.72	1.02	0.8	2.14	4.67
28500	7480.01	4654.69	14428.84	11603.53	14504.41	0	896	1163	935	1193	39	32	1264	1283	21	0	1285	1285	214	121.31	22	3.65	18.72	1.02	0.8	2.14	4.67
28530	7478.05	4670.03	14470.94	11662.91	14578.64	0	899	1167	940	1200	41	35	1270	1289	21	0	1291	1291	214	121.81	22	3.65	18.72	1.02	0.8	2.14	4.67
28560	7455.36	4678.76	14502.09	11725.5	14656.87	0	901	1169	945	1205	44	38	1272	1291	21	0	1293	1293	214	122.39	22	3.65	18.72	1.02	0.8	2.14	4.67
28590	7485.11	4711.16	14561.1	11787.16	14733.94	0	907	1173	948	1213	41	42	1278	1296	21	0	1299	1298	214	122.98	22	3.65	18.72	1.02	0.8	2.14	4.67
28620	7505.44	4739.06	14613.3	11846.92	14808.66	0	913	1179	951	1219	38	42	1285	1304	21	0	1306	1306	215	123.51	22	3.65	18.72	1.02	0.8	2.14	4.67
28650	7519.17	4757.14	14669.02	11906.98	14883.73	0	917	1184	955	1223	38	41	1291	1310	21	0	1312	1312	216	123.98	22	3.65	18.72	1.02	0.8	2.14	4.67
28680	7598.16	4804.62	14759.7	11966.17	14957.71	0	925	1191	960	1228	35	39	1298	1317	21	0	1319	1319	217	124.44	22	3.65	18.72	1.02	0.8	2.14	4.67
28710	7638.56	4830.37	14830.85	12022.66	15028.33	0	928	1197	963	1236	35	41	1304	1323	21	0	1325	1325	217	124.79	23	3.65	18.72	1.02	0.8	2.14	4.67
28740	7696.72	4848.02	14932.19	12083.49	15104.36	0	931	1205	968	1243	37	40	1308	1326	21	0	1329	1328	217	125.18	23	3.65	18.72	1.02	0.8	2.14	4.67
28770	7705.08	4868.03	14983.11	12146.07	15182.59	0	936	1209	974	1249	38	42	1313	1331	21	0	1334	1333	217	125.53	23	3.65	18.72	1.02	0.8	2.14	4.67
28800	7705.14	4886.73	15028.75	12210.33	15262.92	0	940	1211	978	1252	38	43	1319	1337	21	0	1340	1339	217	125.91	23	3.65	18.72	1.02	0.8	2.14	4.67
28830	7728.1	4904.52	15094.63	12271.05	15338.82	0	944	1216	982	1265	38	51	1323	1342	21	0	1344	1344	217	126.37	23	3.65	18.72	1.02	0.8	2.14	4.67
28860	7751.96	4932.2	15152.29	12332.53	15415.67	0	949	1220	985	1270	36	52	1327	1346	21	0	1348	1348	219	126.89	23	3.65	18.72	1.02	0.8	2.14	4.67
28890	7821.33	4971.75	15244.12	12394.53	15493.17	0	954	1228	993	1275	39	49	1334	1352	21	0	1355	1354	220	127.34	23	3.65	18.72	1.02	0.8	2.14	4.67
28920	7810.47	4994.4	15276.32	12460.25	15575.32	0	959	1231	1000	1279	41	50	1343	1361	21	0	1364	1363	221	127.84	23	3.65	18.72	1.02	0.8	2.14	4.67
28950	7908.68	5018.31	15411.67	12521.3	15651.62	0	964	1243	1010	1287	46	46	1346	1365	21	0	1367	1367	221	128.34	23	3.65	18.72	1.02	0.8	2.14	4.67
28980	7932.03	5035.38	15482.7	12586.05	15732.56	0	967	1247	1013	1290	46	45	1353	1372	21	0	1374	1374	221	128.75	23	3.65	18.72	1.02	0.8	2.14	4.67
29010	7999.07	5057.39	15596.52	12654.84	15818.55	0	970	1254	1017	1297	47	45	1360	1378	21	0	1381	1380	221	129.25	24	3.65	18.72	1.02	0.8	2.14	4.67
29040	8023.45	5085.26	15659.17	12720.99	15901.24	0	976	1259	1023	1301	47	44	1366	1384	21	0	1387	1386	222	129.91	24	3.65	18.72	1.02	0.8	2.14	4.67
29070	8084.16	5113.87	15756.57	12786.28	15982.85	0	983	1266	1026	1310	43	46	1373	1391	21	0	1394	1393	222	130.56	24	3.65	18.72	1.02	0.8	2.14	4.67
29100	8151.17	5148.71	15852.57	12850.11	16062.63	0	990	1274	1030	1314	40	42	1378	1397	21	0	1399	1399	222	131.26	24	3.65	18.72	1.02	0.8	2.14	4.67
29130	8196.45	5194.49	15915.11	12913.15	16141.44	0	996	1279	1037	1318	41	41	1386	1405	21	0	1407	1407	222	131.97	24	3.65	18.72	1.02	0.8	2.14	4.67
29160	8185.15	5221.65	15943.59	12980.1	16225.12	0	1000	1282	1043	1322	43	42	1391	1410	21	0	1412	1412	222	132.73	24	3.65	18.72	1.02	0.8	2.14	4.67
29190	8201.66	5252.1	15994.62	13045.07	16306.33	0	1006	1285	1051	1326	45	43	1395	1414	21	0	1416	1416	222	133.49	24	3.65	18.72	1.02	0.8	2.14	4.67
29220	8279.72	5273.51	16112.21	13106	16382.5	0	1010	1293	1058	1332	48	41	1401	1419	21	0	1422	1421	222	134.25	24	3.65	18.72	1.02	0.8	2.14	4.67
29250	8281.46	5296.7	16152.99	13168.22	16460.28	0	1014	1296	1062	1335	48	41	1404	1422	21	0	1425	1424	222	135.01	24	3.65	18.72	1.02	0.8	2.14	4.67
29280	8350.12	5330.1	16249.33	13229.3	16536.63	0	1020	1301	1064	1340	44	41	1410	1429	21	0	1431	1431	222	135.58	24	3.65	18.72	1.02	0.8	2.14	4.67
29310	8388.58	5356.08	16320.01	13287.51	16609.38	0	1025	1306	1069	1346	44	42	1418	1436	21	0	1439	1438	222	136.14	24	3.65	18.72	1.02	0.8	2.14	4.67
29340	8503.09	5417.82	16430.99	13345.71	16682.14	0	1038	1313	1077	1351	39	40	1425	1443	21	0	1446	1445	222	136.64	25	3.65	18.72	1.02	0.8	2.14	4.67
29370	8567.1	5447.39	16525.7	13405.99	16757.48	0	1043	1320	1082	1353	39	35	1429	1448	21	0	1450	1450	222	137.13	25	3.65	18.72	1.02	0.8	2.14	4.67
29400	8575.57	5473.36	16572.64	13470.42	16838.03	0	1048	1323	1084	1360	36	39	1435	1454	21	0	1456	1456	222	137.62	25	3.65	18.72	1.02	0.8	2.14	4.67
29430	8644.98	5480.7	16696.21	13531.93	16914.91	0	1050	1330	1086	1368	36	40	1438	1456	21	0	1459	1458	222	138.12	25	3.65	18.72	1.02	0.8	2.14	4.67
29460	8744.68	5509.53	16828.94	13593.79	16992.24	0	1056	1337	1091	1371	35	36	1441	1460	21	0	1462	1462	222	138.61	25	3.65	18.72	1.02	0.8	2.14	4.67
29490	8779.94	5536.14	16897.39	13653.59	17066.99	0	1060	1341	1095	1377	35	38	1444	1463	21	0	1465	1465	222	139.15	25	3.65	18.72	1.02	0.8	2.14	4.67
29520	8792.07	5550.29	16955.47	13713.69	17142.11	0	1062	1347	1098	1380	36	35	1447	1466	21	0	1468	1468	222	139.84	25	3.65	18.72	1.02	0.8	2.14	4.67
29550	8848.02	5616.46	17001.42	13769.87	17212.33	0	1071	1351	1103	1387	32	38	1453	1472	21	0	1474	1474	222	140.44	25	3.65	18.72	1.02	0.8	2.14	4.67
29580	8918.84	5643.33	17100.64	13825.13	17281.41	0	1077	1358	1107	1397	30	41	1458	1476	21	0	1479	1478	222	140.99	26	3.65	18.72	1.02	0.8	2.14	4.67
29610	8915.12	5651.36	17146.2	13882.44	17353.05	0	1079	1361	1113	1401	34	42	1465	1483	21	0	1486	1485	222	141.51	26	3.65	18.72	1.02	0.8	2.14	4.67
29640	8988.81	5668.44	17261.81	13941.44	17426.8	0	1082	1367	1120	1407	38	42	1469	1488	21	0	1490	1490	222	142.01	26	3.65	18.72	1.02	0.8	2.14	4.67
29670	9043.39	5695.93	17345.78	13998.31	17497.89	0	1088	1374	1123	1410	35	38	1476	1494	21	0	1497	1496	222	142.6	26	3.65	18.72	1.02	0.8	2.14	4.67
29700	9079.83	5712.4	17425.08	14057.65	17572.07	0	1092	1380	1127	1418	35	40	1479	1497	21	0	1500	1499	222	143.07	26	3.65	18.72	1.02	0.8	2.14	4.67
29730	9136.11	5740.03	17510.02	14113.94	17642.43	0	1097	1387	1133	1422	36	37	1484	1503	21	0	1505	1505	222	143.56	26	3.65	18.72	1.02	0.8	2.14	4.67
29760	9117.53	5770.86	17520.9	14174.23	17717.79	0	1101	1388	1136	1427	35	41	1489	1507	21	0	1510	1509	223	144.04	26	3.65	18.72	1.02	0.8	2.14	4.67
29790	9173.89	5800.76	17606.91	14233.77	17792.22	0	1106	1396	1142	1432	36	38	1493	1511	21	0	1514	1513	223	144.48	26	3.65	18.72	1.02	0.8	2.14	4.67
29820	9205.28	5814.63	17682.25	14291.6	17864.51	0	1109	1402	1150	1436	41	36	1499	1518	21	0	1520	1520	224	144.92	27	3.65	18.72	1.02	0.8	2.14	4.67
29850	9249.99	5858.2	17742	14350.21	17937.76	0	1114	1407	1155	1440	41	35	1503	1521	21	0	1524	1523	224	145.33	27	3.65	18.72	1.02	0.8	2.14	4.67
29880	9297.92	5887.34	17818.52	14407.94	18009.93	0	1120	1413	1158	1451	38	40	1506	1525	21	0	1527	1527	224	145.64	27	3.65	18.72	1.02	0.8	2.14	4.67
29910	9392.54	5923.85	17935.05	14466.35	18082.94	0	1127	1422	1160	1455	33	35	1514	1533	21	0	1535	1535	224	145.99	27	3.65	18.72	1.02	0.8	2.14	4.67
29940	9414.88	5948.1	17995.06	14528.29	18160.36	0	1132	1427	1164	1459	32	34	1519	1538	21	0	1540	1540	224	146.32	27	3.65	18.72	1.02	0.8	2.14	4.67
29970	9435.94	5970.84	18052.14	14587.04	18233.8	0	1136	1432	1170	1462	34	32	1524	1543	21	0	1545	1545	225	146.58	27	3.65	18.72	1.02	0.8	2.14	4.67
30000	9499.33	6025.91	18117.96	14644.53	18305.67	0	1141	1437	1177	1468	36	33	1530	1548	21	0	1551	1550	225	146.63	27	3.65	18.72	1.02	0.8	2.14	4.67
30030	9563.27	6053.27	18213.51	14703.5	18379.38	0	1146	1446	1182	1473	36	29	1537	1555	21	0	1558	1557	225	147.39	27	3.65	18.72	1.02	0.8	2.14	4.67
30060	9595.2	6083	18273.7	14761.5	18451.88	0	1152	1450	1187	1478	35	30	1542	1560	21	0	1563	1562	225	148.05	27	3.65	18.72	1.02	0.8	2.14	4.67
30090	9580.64	6113.19	18290.29	14822.84	18528.55	0	1158	1452	1191	1482	33	32	1550	1569	21	0	1571	1571	225	148.5	27	3.65	18.72	1.02	0.8	2.14	4.67
30120	9579.04	6131.9	18328.36	14881.22	18601.52	0	1162	1456	1198	1492	36	38	1556	1574	21	0	1577	1576	225	148.87	27	3.65	18.72	1.02	0.8	2.14	4.67
30150	9627.33	6188.88	18374.74	14936.28	18670.36	0	1173	1460	1208	1500	35	42	1563	1582	21	0	1584	1584	226	148.96	28	3.65	18.72	1.02	0.8	2.14	4.67
30180	9625.23	6208.15	18411.15	14994.07	18742.59	0	1177	1463	1212	1504	35	43	1566	1584	21	0	1587	1586	226	149.64	28	3.65	18.72	1.02	0.8	2.14	4.67
30210	9630.79	6221.65	18466.6	15057.46	18821.82	0	1180	1467	1215	1509	35	44	1572	1590	21	0	1593	1592	226	150.47	28	3.65	18.72	1.02	0.8	2.14	4.67
30240	9703.17	6270.56	18544.92	15112.31	18890.38	0	1187	1475	1223	1515	36	42	1574	1593	21	0	1595	1595	226	151.4	28	3.65	18.72	1.02	0.8	2.14	4.67
30270	9765.51	6277.62	18656.15	15168.26	18960.32	0	1189	1483	1225	1522	36	41	1579	1597	21	0	1600	1599	226	151.95	28	3.65	18.72	1.02	0.8	2.14	4.67
30300	9819.56	6311.41	18733.2	15225.05	19031.31	0	1195	1488	1228	1527	33	41	1584	1603	21	0	1605	1605	226	152.54	28	3.65	18.72	1.02	0.8	2.14	4.67
30330	9850.73	6333.12	18797.54	15279.93	19099.91	0	1199	1493	1236	1536	37	45	1593	1611	21	0	1614	1613	226	153.03	28	3.65	18.72	1.02	0.8	2.14	4.67
30360	9867.74	6369.49	18836.05	15337.79	19172.24	0	1204	1497	1238	1541	34	46	1599	1618	21	0	1620	1620	226	153.54	28	3.65	18.72	1.02	0.8	2.14	4.67
30390	9928.42	6412.33	18912.84	15396.74	19245.93	0	1213	1503	1242	1546	29	45	1606	1624	21	0	1627	1626	226	153.93	28	3.65	18.72	1.02	0.8	2.14	4.67
30420	9942.38	6442.39	18952.7	15452.71	19315.89	0	1219	1507	1250	1551	31	46	1610	1628	21	0	1631	1630	226	154.22	28	3.65	18.72	1.02	0.8	2.14	4.67
30450	9971.26	6464.75	19015.93	15509.42	19386.77	0	1223	1512	1257	1556	34	46	1616	1635	21	0	1637	1637	226	154.28	28	3.65	18.72	1.02	0.8	2.14	4.67
30480	10003.04	6470.9	19102.3	15570.16	19462.7	0	1224	1520	1260	1560	36	42	1622	1640	21	0	1643	1642	227	154.87	29	3.65	18.72	1.02	0.8	2.14	4.67
30510	10090.56	6490.18	19229.52	15629.14	19536.43	0	1228	1528	1265	1565	37	39	1628	1647	21	0	1649	1649	229	155.28	29	3.65	18.72	1.02	0.8	2.14	4.67
30540	10214.77	6532.7	19368.83	15686.76	19608.45	0	1236	1535	1270	1568	34	35	1635	1653	21	0	1656	1655	229	155.32	29	3.65	18.72	1.02	0.8	2.14	4.67
30570	10332.22	6558.65	19517.37	15743.8	19679.75	0	1242	1544	1274	1574	32	32	1641	1659	21	0	1662	1661	230	156.35	29	3.65	18.72	1.02	0.8	2.14	4.67
30600	10324.28	6584.8	19543.11	15803.62	19754.53	0	1247	1546	1279	1580	32	36	1644	1662	21	0	1665	1664	230	157.08	29	3.65	18.72	1.02	0.8	2.14	4.67
30630	10385.19	6608.87	19639.41	15863.09	19828.86	0	1252	1552	1283	1587	31	37	1650	1668	21	0	1671	1670	230	157.91	29	3.65	18.72	1.02	0.8	2.14	4.67
30660	10362.46	6612.69	19674.09	15924.33	19905.41	0	1253	1555	1286	1592	33	39	1654	1673	21	0	1675	1675	230	158.99	29	3.65	18.72	1.02	0.8	2.14	4.67
30690	10428.84	6628.16	19785.64	15984.96	19981.2	0	1256	1564	1295	1598	39	36	1661	1679	21	0	1682	1681	231	159.8	29	3.65	18.72	1.02	0.8	2.14	4.67
30720	10428.92	6653.75	19821.06	16045.9	20057.37	0	1261	1567	1303	1605	42	40	1667	1686	21	0	1688	1688	231	160.43	29	3.65	18.72	1.02	0.8	2.14	4.67
30750	10435.31	6672.25	19869.93	16106.87	20133.59	0	1265	1571	1308	1607	43	38	1673	1691	21	0	1694	1693	231	161.15	29	3.65	18.72	1.02	0.8	2.14	4.67
30780	10506.79	6712.14	19963.44	16168.8	20211	0	1273	1578	1315	1612	42	36	1679	1697	21	0	1700	1699	232	161.82	29	3.65	18.72	1.02	0.8	2.14	4.67
30810	10575.49	6730.88	20072.59	16227.99	20284.98	0	1277	1586	1322	1617	45	33	1687	1706	21	0	1708	1708	232	162.52	29	3.65	18.72	1.02	0.8	2.14	4.67
30840	10635.12	6772.84	20149.5	16287.23	20359.03	0	1285	1592	1328	1624	43	34	1692	1710	21	0	1713	1712	233	163.31	29	3.65	18.72	1.02	0.8	2.14	4.67
30870	10697.65	6788.8	20258.58	16349.73	20437.16	0	1288	1600	1333	1632	45	34	1697	1715	21	0	1718	1717	234	164.22	29	3.65	18.72	1.02	0.8	2.14	4.67
30900	10728.31	6827.96	20312.43	16412.08	20515.09	0	1294	1605	1337	1639	43	36	1705	1726	23	0	1728	1728	235	164.89	30	3.65	18.72	1.02	0.8	2.14	4.67
30930	10759.9	6861.73	20375.31	16477.14	20596.43	0	1301	1610	1342	1646	41	38	1708	1728	23	0	1731	1730	235	165.54	30	3.65	18.72	1.02	0.8	2.14	4.67
30960	10744.16	6871.98	20414.36	16542.19	20677.73	0	1303	1613	1347	1649	44	38	1712	1733	23	0	1735	1735	235	165.99	30	3.65	18.72	1.02	0.8	2.14	4.67
30990	10736.14	6894.27	20449.11	16607.24	20759.05	0	1308	1617	1352	1653	44	38	1719	1740	23	0	1742	1742	236	166.49	30	3.65	18.72	1.02	0.8	2.14	4.67
31020	10805.16	6934.79	20540.73	16670.36	20837.94	0	1316	1624	1360	1658	44	36	1726	1746	23	0	1749	1748	236	167.02	30	3.65	18.72	1.02	0.8	2.14	4.67
31050	10829.64	6981.96	20579.49	16731.81	20914.77	0	1323	1628	1361	1666	38	40	1732	1753	23	0	1755	1755	236	167.51	30	3.65	18.72	1.02	0.8	2.14	4.67
31080	10821.32	7004.99	20611.93	16795.6	20994.5	0	1328	1631	1364	1670	36	41	1739	1759	23	0	1762	1761	237	168.01	30	3.65	18.72	1.02	0.8	2.14	4.67
31110	10936.65	7066.13	20724.9	16854.39	21067.98	0	1338	1640	1369	1675	31	37	1746	1767	23	0	1769	1769	237	168.52	30	3.65	18.72	1.02	0.8	2.14	4.67
31140	10991.08	7095.75	20809.52	16914.19	21142.74	0	1345	1647	1372	1680	27	35	1754	1774	23	0	1777	1776	237	169.02	30	3.65	18.72	1.02	0.8	2.14	4.67
31170	10985.25	7125.77	20833.73	16974.26	21217.82	0	1350	1649	1380	1690	30	43	1760	1780	23	0	1783	1782	237	169.49	30	3.65	18.72	1.02	0.8	2.14	4.67
31200	10944.44	7148.22	20833.73	17037.51	21296.89	0	1354	1649	1383	1699	29	52	1767	1787	23	0	1790	1789	238	169.98	31	3.65	18.72	1.02	0.8	2.14	4.67
31230	10981.72	7164.65	20922.19	17105.11	21381.39	0	1357	1656	1388	1702	31	48	1771	1792	23	0	1794	1794	239	170.38	31	3.65	18.72	1.02	0.8	2.14	4.67
31260	10985.43	7171.14	20986.99	17172.71	21465.88	0	1358	1661	1392	1709	34	50	1778	1800	24	0	1802	1802	240	170.84	31	3.65	18.72	1.02	0.8	2.14	4.67
31290	10985.07	7175.13	21049.1	17239.15	21548.94	0	1359	1665	1400	1712	41	49	1785	1807	24	0	1809	1809	241	171.23	31	3.65	18.72	1.02	0.8	2.14	4.67
31320	11029.19	7179.54	21155.07	17305.42	21631.77	0	1360	1673	1404	1719	44	48	1790	1811	24	0	1814	1813	241	171.66	31	3.65	18.72	1.02	0.8	2.14	4.67
31350	11062.53	7212.92	21220.57	17370.96	21713.7	0	1366	1678	1408	1726	42	50	1795	1817	24	0	1819	1819	241	172.07	31	3.65	18.72	1.02	0.8	2.14	4.67
31380	11066.61	7228.39	21272.58	17434.36	21792.96	0	1369	1683	1412	1734	43	53	1800	1821	24	0	1824	1823	241	172.46	31	3.65	18.72	1.02	0.8	2.14	4.67
31410	11136.5	7253.49	21385.79	17502.78	21878.47	0	1374	1692	1415	1736	41	46	1807	1829	24	0	1831	1831	241	172.82	31	3.65	18.72	1.02	0.8	2.14	4.67
31440	11192.58	7284.43	21475.98	17567.83	21959.79	0	1380	1699	1424	1738	44	41	1812	1833	24	0	1836	1835	241	173.09	31	3.65	18.72	1.02	0.8	2.14	4.67
31470	11267.6	7315.75	21579.56	17627.71	22034.63	0	1386	1706	1428	1747	42	43	1820	1842	24	0	1844	1844	241	173.25	31	3.65	18.72	1.02	0.8	2.14	4.67
31500	11412.18	7367.88	21736.94	17692.64	22115.8	0	1394	1717	1433	1755	39	40	1829	1851	25	0	1854	1853	242	173.57	32	3.65	18.72	1.02	0.8	2.14	4.67
31530	11451.03	7404.51	21805.28	17758.77	22198.46	0	1401	1723	1436	1760	35	39	1834	1857	25	0	1859	1859	242	174.47	32	3.65	18.72	1.02	0.8	2.14	4.67
31560	11445.87	7420.38	21854.13	17828.64	22285.8	0	1405	1726	1441	1762	36	38	1842	1864	25	0	1867	1866	242	175.22	32	3.65	18.72	1.02	0.8	2.14	4.67
31590	11449.36	7443.73	21902.33	17896.7	22370.87	0	1410	1730	1450	1767	40	39	1849	1872	25	0	1874	1874	242	175.94	32	3.65	18.72	1.02	0.8	2.14	4.67
31620	11454.42	7455.75	21964.83	17966.16	22457.71	0	1412	1733	1456	1773	44	42	1856	1878	25	0	1881	1880	243	176.75	32	3.65	18.72	1.02	0.8	2.14	4.67
31650	11472.77	7483.82	22025.51	18036.56	22545.7	0	1418	1738	1459	1778	41	42	1862	1884	25	0	1887	1886	244	177.67	32	3.65	18.72	1.02	0.8	2.14	4.67
31680	11513.44	7498.19	22121.38	18106.13	22632.66	0	1421	1744	1466	1787	45	45	1867	1889	25	0	1892	1891	244	178.46	32	3.65	18.72	1.02	0.8	2.14	4.67
31710	11515.99	7509.73	22177.52	18171.26	22714.07	0	1424	1748	1470	1792	46	46	1873	1895	25	0	1898	1897	244	179.12	32	3.65	18.72	1.02	0.8	2.14	4.89
31740	11623.85	7537.88	22324.75	18238.78	22798.48	0	1430	1756	1479	1796	49	42	1879	1902	25	0	1904	1904	244	179.8	32	3.65	18.72	1.02	0.8	2.14	4.89
31770	11729.47	7598.61	22434.05	18303.18	22878.98	0	1440	1765	1483	1802	43	39	1889	1912	25	0	1914	1914	244	180.7	32	3.65	18.72	1.02	0.8	2.14	4.89
31800	11767.05	7628.56	22510.05	18371.55	22964.44	0	1446	1772	1490	1808	44	38	1897	1920	25	0	1922	1922	244	181.54	32	3.65	18.72	1.02	0.95	2.14	4.89
31830	11750.86	7644.94	22547.77	18441.85	23052.31	0	1450	1775	1493	1813	43	40	1902	1924	25	0	1927	1926	244	182.24	32	3.65	18.72	1.02	0.95	2.14	4.89
31860	11848.78	7680.52	22679.91	18511.65	23139.57	0	1457	1784	1497	1821	40	39	1906	1929	25	0	1931	1931	244	182.94	32	3.65	18.72	1.02	0.95	2.14	4.89
31890	11860.38	7718.99	22717.72	18576.33	23220.41	0	1463	1788	1502	1829	39	43	1912	1935	25	0	1937	1937	244	183.63	32	3.65	18.72	1.02	0.95	2.14	4.89
31920	11899.6	7747.56	22793.55	18641.51	23301.89	0	1469	1795	1505	1836	36	43	1919	1942	25	0	1944	1944	244	184.19	33	3.65	18.72	1.02	0.95	2.14	4.89
